# UNNAMED
#pos	aa	i	o	M	S
1	M	0.00000	0.99819	0.00000	0.00181
2	E	0.00000	0.99819	0.00000	0.0018
3	A	0.00000	0.99819	0.00000	0.00181
4	P	0.00000	0.63143	0.36676	0.00181
5	S	0.00000	0.44322	0.55497	0.00181
6	L	0.00000	0.42979	0.56840	0.00181
7	S	0.00000	0.42967	0.56852	0.00181
8	A	0.00000	0.42963	0.56857	0.00181
9	A	0.00000	0.42958	0.56862	0.00181
10	T	0.00000	0.42953	0.56866	0.0018
11	P	0.00000	0.4295	0.56869	0.00181
12	S	0.00000	0.42946	0.56874	0.00181
13	A	0.00000	0.42941	0.56878	0.00181
14	A	0.00000	0.4294	0.56879	0.0018
15	L	0.00000	0.43012	0.56883	0.00105
16	L	0.00000	0.43015	0.56883	0.00101
17	G	0.00000	0.43021	0.56884	0.00095
18	A	0.00000	0.43065	0.56931	3e-05
19	P	0.00000	0.43052	0.56944	3e-05
20	E	0.00000	0.42956	0.57040	3e-05
21	T	0.00189	0.40881	0.58928	1e-05
22	Y	0.02401	0.38671	0.58926	1e-05
23	S	0.55544	0.38605	0.05849	1e-05
24	P	0.56830	0.38409	0.04761	1e-05
25	T	0.56850	0.38253	0.04895	1e-05
26	P	0.56850	0.37948	0.05200	1e-05
27	G	0.05486	0.37486	0.57026	1e-05
28	R	0.00822	0.37155	0.62023	0
29	G	0.00000	0.30205	0.69795	0
30	I	0.00000	0.04158	0.95842	0
31	G	0.00001	0.03692	0.96307	0
32	S	0.00007	0.03692	0.96301	0
33	A	0.00023	0.03692	0.96285	0
34	P	0.00027	0.03692	0.96282	0
35	G	0.00028	0.03692	0.96280	0
36	D	0.00030	0.03692	0.96279	0
37	A	0.00030	0.03625	0.96345	0
38	G	0.00033	0.03492	0.96475	0
39	L	0.00044	0.03461	0.96495	0
40	P	0.00930	0.03433	0.95637	0
41	G	0.01777	0.03325	0.94898	0
42	P	0.04191	0.01318	0.94491	0
43	E	0.04526	0.01012	0.94462	0
44	P	0.04662	0.01071	0.94267	0
45	P	0.04674	0.55388	0.39938	0
46	Y	0.04659	0.56164	0.39177	0
47	S	0.04682	0.5685	0.38467	0
48	V	0.04386	0.5685	0.38764	0
49	F	0.05195	0.5685	0.37955	0
50	T	0.31168	0.5685	0.11982	0
51	V	0.37543	0.5685	0.05607	0
52	L	0.36404	0.5685	0.06746	0
53	V	0.36095	0.5685	0.07054	0
54	V	0.35880	0.56285	0.07835	0
55	T	0.35441	0.3448	0.30079	0
56	L	0.20046	0.06673	0.73281	0
57	L	0.00940	0.0049	0.98571	0
58	V	0.00201	0.00036	0.99763	0
59	L	0.00183	1e-05	0.99816	0
60	L	0.00476	0	0.99523	0
61	I	0.01948	0	0.98052	0
62	A	0.02935	0	0.97065	0
63	A	0.03409	0	0.96591	0
64	T	0.03461	0	0.96539	0
65	F	0.01875	0	0.98125	0
66	L	0.01026	0	0.98974	0
67	W	0.00677	3e-05	0.99320	0
68	N	0.00015	0.00025	0.99960	0
69	L	0.00000	0.00031	0.99969	0
70	L	0.00000	0.00059	0.99941	0
71	V	0.00000	0.00124	0.99876	0
72	L	0.00000	0.00409	0.99591	0
73	V	0.00016	0.00482	0.99502	0
74	T	0.01328	0.00924	0.97748	0
75	I	0.08362	0.01264	0.90374	0
76	L	0.39211	0.04813	0.55976	0
77	R	0.49871	0.19105	0.31024	0
78	V	0.53623	0.24437	0.21941	0
79	R	0.54287	0.34873	0.10841	0
80	A	0.56832	0.36819	0.06349	0
81	F	0.56846	0.3765	0.05504	0
82	H	0.56850	0.40371	0.02779	0
83	R	0.56850	0.41119	0.02031	0
84	V	0.56850	0.41329	0.01821	0
85	P	0.56850	0.4179	0.01359	0
86	H	0.56838	0.43115	0.00047	0
87	N	0.55948	0.43115	0.00936	0
88	L	0.26025	0.42772	0.31203	0
89	V	0.13822	0.42622	0.43556	0
90	A	0.07331	0.42455	0.50214	0
91	S	0.06449	0.42427	0.51124	0
92	T	0.05275	0.29719	0.65006	0
93	A	0.02229	0.04589	0.93182	0
94	V	0.00299	0.02041	0.97660	0
95	S	0.00082	0.01467	0.98451	0
96	D	0.00014	0.0008	0.99906	0
97	V	0.00000	0	1.00000	0
98	L	0.00000	0	1.00000	0
99	V	0.00001	0	0.99999	0
100	A	0.00007	0	0.99993	0
101	A	0.00022	0	0.99978	0
102	L	0.00022	0	0.99978	0
103	V	0.00023	0	0.99977	0
104	M	0.00027	0	0.99973	0
105	P	0.00030	0	0.99970	0
106	L	0.00030	4e-05	0.99967	0
107	S	0.00030	0.00234	0.99737	0
108	L	0.00030	0.01029	0.98941	0
109	M	0.00030	0.10562	0.89408	0
110	R	0.00030	0.47212	0.52758	0
111	E	0.00119	0.50589	0.49292	0
112	L	0.04434	0.50755	0.44811	0
113	S	0.33703	0.53583	0.12715	0
114	A	0.38436	0.55432	0.06132	0
115	G	0.43148	0.5685	0.00002	0
116	R	0.43149	0.5685	0.00000	0
117	R	0.43150	0.5685	0.00000	0
118	W	0.43150	0.5685	0.00000	0
119	Q	0.43149	0.5685	0.00000	0
120	L	0.43148	0.5685	0.00002	0
121	G	0.43147	0.5685	0.00002	0
122	R	0.43146	0.56849	0.00004	0
123	S	0.43129	0.5678	0.00091	0
124	L	0.40628	0.56696	0.02676	0
125	C	0.29119	0.56534	0.14347	0
126	H	0.27352	0.56504	0.16144	0
127	V	0.06499	0.00034	0.93467	0
128	W	0.03121	0.00022	0.96856	0
129	I	0.00077	0.00021	0.99903	0
130	C	0.00001	0.00015	0.99985	0
131	F	0.00000	9e-05	0.99991	0
132	D	0.00000	9e-05	0.99991	0
133	V	0.00000	3e-05	0.99997	0
134	L	0.00000	0	1.00000	0
135	C	0.00000	0	1.00000	0
136	C	0.00000	0	1.00000	0
137	T	0.00000	0	1.00000	0
138	A	0.00000	0	1.00000	0
139	S	0.00000	0	1.00000	0
140	I	0.00000	0	1.00000	0
141	W	0.00000	0	1.00000	0
142	N	0.00000	3e-05	0.99997	0
143	V	0.00000	4e-05	0.99996	0
144	A	0.00000	0.0003	0.99970	0
145	A	0.00001	0.00359	0.99640	0
146	I	0.00003	0.01852	0.98144	0
147	A	0.00075	0.06706	0.93219	0
148	L	0.01690	0.14628	0.83683	0
149	D	0.43890	0.43119	0.12991	0
150	R	0.46229	0.43148	0.10623	0
151	Y	0.46425	0.43149	0.10426	0
152	W	0.47399	0.43149	0.09452	0
153	T	0.54529	0.43149	0.02322	0
154	I	0.55511	0.43149	0.01340	0
155	T	0.56848	0.4315	0.00002	0
156	H	0.56850	0.4315	0.00000	0
157	H	0.56850	0.4315	0.00000	0
158	L	0.56850	0.4315	0.00000	0
159	Q	0.56850	0.4315	0.00000	0
160	Y	0.56850	0.4315	0.00000	0
161	T	0.56850	0.4315	0.00000	0
162	L	0.56850	0.4315	0.00000	0
163	R	0.56850	0.4315	0.00000	0
164	T	0.56828	0.4315	0.00023	0
165	R	0.56821	0.4315	0.00030	0
166	R	0.56818	0.43148	0.00033	0
167	R	0.55078	0.41585	0.03337	0
168	A	0.54410	0.3487	0.10720	0
169	S	0.47386	0.23384	0.29230	0
170	A	0.46254	0.17406	0.36339	0
171	L	0.00946	0.03224	0.95829	0
172	M	0.00126	0.00429	0.99445	0
173	I	0.00023	0.00093	0.99884	0
174	A	0.00023	0.00078	0.99900	0
175	L	0.00000	1e-05	0.99999	0
176	T	0.00000	0	1.00000	0
177	W	0.00000	0	1.00000	0
178	A	0.00000	0	1.00000	0
179	L	0.00000	0	1.00000	0
180	S	0.00000	0	1.00000	0
181	A	0.00000	0	1.00000	0
182	L	0.00000	0	1.00000	0
183	I	0.00000	0	1.00000	0
184	A	0.00000	0	1.00000	0
185	L	0.00000	0	1.00000	0
186	A	0.00000	1e-05	0.99999	0
187	P	0.00000	3e-05	0.99997	0
188	L	0.00000	7e-05	0.99993	0
189	L	0.00001	0.00057	0.99943	0
190	F	0.00010	0.00469	0.99521	0
191	S	0.00234	0.06318	0.93448	0
192	W	0.00308	0.11856	0.87835	0
193	G	0.18872	0.41125	0.40003	0
194	E	0.31075	0.54284	0.14641	0
195	V	0.31402	0.54734	0.13864	0
196	Y	0.32517	0.55687	0.11796	0
197	D	0.43023	0.56841	0.00136	0
198	A	0.43093	0.56842	0.00065	0
199	G	0.43138	0.56848	0.00014	0
200	L	0.43145	0.56849	0.00007	0
201	Q	0.43150	0.5685	0.00000	0
202	R	0.43150	0.5685	0.00000	0
203	C	0.43150	0.5685	0.00000	0
204	Q	0.43150	0.56829	0.00022	0
205	V	0.43150	0.56805	0.00045	0
206	S	0.43150	0.56803	0.00047	0
207	Q	0.43150	0.5676	0.00090	0
208	E	0.43150	0.56562	0.00288	0
209	P	0.43140	0.5427	0.02590	0
210	S	0.28545	0.32226	0.39229	0
211	Y	0.19451	0.1662	0.63929	0
212	A	0.03491	0.00718	0.95791	0
213	V	0.00037	2e-05	0.99961	0
214	F	0.00010	0	0.99990	0
215	S	0.00010	0	0.99990	0
216	T	0.00000	0	1.00000	0
217	C	0.00000	0	1.00000	0
218	G	0.00000	0	1.00000	0
219	A	0.00000	0	1.00000	0
220	F	0.00000	0	1.00000	0
221	Y	0.00000	0	1.00000	0
222	L	0.00000	0	1.00000	0
223	P	0.00000	0	1.00000	0
224	L	0.00000	0	1.00000	0
225	G	0.00001	0	0.99999	0
226	V	0.00002	0	0.99998	0
227	V	0.00003	0	0.99997	0
228	L	0.00008	0	0.99992	0
229	F	0.00025	1e-05	0.99974	0
230	V	0.00289	0.0005	0.99661	0
231	Y	0.03846	0.01614	0.94540	0
232	W	0.21757	0.09072	0.69172	0
233	K	0.56850	0.3532	0.07830	0
234	I	0.56850	0.35924	0.07225	0
235	Y	0.56850	0.38747	0.04403	0
236	K	0.56850	0.43075	0.00075	0
237	A	0.56850	0.43089	0.00061	0
238	A	0.56850	0.43116	0.00034	0
239	K	0.56850	0.43149	0.00001	0
240	F	0.56850	0.43149	0.00000	0
241	R	0.56850	0.4315	0.00000	0
242	F	0.56850	0.4315	0.00000	0
243	G	0.56850	0.43149	0.00001	0
244	R	0.56850	0.42183	0.00966	0
245	R	0.56850	0.39617	0.03533	0
246	R	0.56850	0.26322	0.16828	0
247	R	0.56850	0.012	0.41950	0
248	R	0.56850	0.00098	0.43051	0
249	A	0.56850	0	0.43150	0
250	V	0.56850	0	0.43150	0
251	L	0.56850	0	0.43150	0
252	P	0.56850	0	0.43150	0
253	L	0.56850	0	0.43150	0
254	P	0.56850	0	0.43150	0
255	A	0.56850	0	0.43150	0
256	T	0.56850	0	0.43150	0
257	V	0.56850	0	0.43150	0
258	E	0.56850	0	0.43150	0
259	V	0.56850	0	0.43150	0
260	R	0.56850	0	0.43150	0
261	K	0.56850	0	0.43150	0
262	G	0.56850	0	0.43150	0
263	L	0.56850	0	0.43150	0
264	W	0.56850	0	0.43150	0
265	P	0.56850	0	0.43150	0
266	W	0.56850	0	0.43150	0
267	G	1.00000	0	0.00000	0
