# UNNAMED
#pos	aa	i	o	M	S
1	M	0.00000	1	0.00000	0
2	E	0.00000	1	0.00000	0
3	G	0.00000	1	0.00000	0
4	E	0.00000	1	0.00000	0
5	N	0.00000	0.99995	0.00005	0
6	L	0.00000	0.95997	0.04003	0
7	I	0.00000	0.82321	0.17679	0
8	L	0.00000	0.77961	0.22039	0
9	I	0.00000	0.65796	0.34204	0
10	H	0.00000	0.65175	0.34825	0
11	R	0.00000	0.64975	0.35025	0
12	F	0.00000	0.62566	0.37434	0
13	R	0.00000	0.60782	0.39218	0
14	G	0.00000	0.60782	0.39218	0
15	S	0.00000	0.60782	0.39218	0
16	V	0.00000	0.6078	0.39220	0
17	H	0.00000	0.6078	0.39220	0
18	D	0.00000	0.6078	0.39220	0
19	T	0.00000	0.278	0.72200	0
20	Y	0.00000	0.24296	0.75704	0
21	C	0.00000	0.24123	0.75877	0
22	I	0.00000	0.23425	0.76575	0
23	T	0.00000	0.22997	0.77003	0
24	L	0.00001	0.05424	0.94574	0
25	G	0.00677	0.04724	0.94598	0
26	L	0.00799	0.02964	0.96237	0
27	R	0.03884	0.02812	0.93305	0
28	Y	0.04250	0.00354	0.95396	0
29	N	0.09358	0.00279	0.90363	0
30	F	0.10207	0.00071	0.89722	0
31	E	0.37296	0.00059	0.62645	0
32	V	0.38872	0.00049	0.61078	0
33	G	0.39200	0.00047	0.60754	0
34	A	0.39203	0.00026	0.60771	0
35	P	0.39216	0.0002	0.60763	0
36	L	0.39218	7e-05	0.60776	0
37	A	0.41784	4e-05	0.58212	0
38	P	0.63567	3e-05	0.36430	0
39	S	0.69721	3e-05	0.30276	0
40	V	0.43701	0	0.56299	0
41	L	0.38288	0	0.61712	0
42	T	0.37539	0	0.62461	0
43	V	0.31778	0	0.68222	0
44	H	0.29755	0	0.70245	0
45	T	0.30311	0	0.69689	0
46	L	0.06174	0	0.93826	0
47	S	0.17002	0	0.82998	0
48	S	0.23236	0	0.76764	0
49	Q	0.24755	0	0.75244	0
50	Q	0.24753	0	0.75247	0
51	T	0.24640	0	0.75360	0
52	L	0.24428	0	0.75572	0
53	R	0.24418	0	0.75582	0
54	V	0.24132	0	0.75868	0
55	F	0.24007	0	0.75993	0
56	A	0.23996	0	0.76004	0
57	S	0.23757	2e-05	0.76241	0
58	S	0.19956	0.00053	0.79992	0
59	V	0.02632	0.00162	0.97206	0
60	L	0.00215	0.0089	0.98895	0
61	W	0.00066	0.03459	0.96475	0
62	Y	0.00054	0.13935	0.86012	0
63	Q	0.00053	0.2673	0.73217	0
64	V	0.00047	0.43494	0.56459	0
65	L	0.00013	0.68992	0.30995	0
66	S	0.00004	0.75177	0.24819	0
67	G	0.00001	0.7518	0.24818	0
68	L	0.00000	0.75181	0.24819	0
69	K	0.00000	0.75181	0.24819	0
70	I	0.00000	0.75178	0.24822	0
71	A	0.00000	0.75157	0.24843	0
72	V	0.00000	0.75108	0.24892	0
73	S	0.00000	0.74135	0.25865	0
74	W	0.00000	0.54004	0.45996	0
75	V	0.00000	0.08375	0.91625	0
76	L	0.00000	0.00779	0.99221	0
77	Q	0.00000	0.02081	0.97919	0
78	I	0.00000	0.03493	0.96507	0
79	M	0.00000	0.18739	0.81261	0
80	W	0.00000	0.20159	0.79841	0
81	T	0.00000	0.2264	0.77360	0
82	G	0.00000	0.24166	0.75834	0
83	L	0.00000	0.24341	0.75659	0
84	L	0.00000	0.24544	0.75456	0
85	F	0.00000	0.24754	0.75246	0
86	Y	0.00000	0.24788	0.75212	0
87	T	0.00000	0.24791	0.75209	0
88	G	0.00000	0.22597	0.77403	0
89	I	0.00000	0.08247	0.91753	0
90	S	0.00000	0.07667	0.92333	0
91	D	0.00000	0.07667	0.92333	0
92	D	0.00000	0.07667	0.92333	0
93	G	0.00000	0.07667	0.92333	0
94	M	0.00039	0.07667	0.92294	0
95	E	0.00197	0.07667	0.92137	0
96	N	0.75042	0.0746	0.17497	0
97	L	0.75148	0.00016	0.24836	0
98	V	0.75148	0	0.24852	0
99	S	0.75152	0	0.24848	0
100	V	0.75180	0	0.24820	0
101	L	0.75181	0	0.24819	0
102	N	0.75183	0	0.24817	0
103	C	0.75189	0	0.24811	0
104	V	0.75191	0	0.24809	0
105	G	0.75202	0	0.24798	0
106	G	0.75206	0	0.24794	0
107	C	0.75415	0	0.24585	0
108	Q	0.77347	0	0.22653	0
109	I	0.91978	0	0.08022	0
110	F	0.92136	0	0.07863	0
111	V	0.92158	0	0.07842	0
112	N	0.92231	0	0.07769	0
113	Q	0.91973	0	0.08027	0
114	D	0.87972	0	0.12028	0
115	W	0.30538	0	0.69462	0
116	V	0.17990	0	0.82010	0
117	L	0.18525	0	0.81475	0
118	I	0.24705	0	0.75295	0
119	D	0.24821	0	0.75179	0
120	F	0.17950	0	0.82050	0
121	L	0.08372	0	0.91628	0
122	L	0.07881	0	0.92119	0
123	F	0.07842	0	0.92158	0
124	F	0.07836	0	0.92164	0
125	I	0.07830	0	0.92170	0
126	P	0.07827	0	0.92173	0
127	T	0.07768	0	0.92232	0
128	L	0.07671	0	0.92329	0
129	V	0.07633	0	0.92367	0
130	M	0.07571	2e-05	0.92427	0
131	T	0.07495	9e-05	0.92496	0
132	I	0.00874	0.00015	0.99111	0
133	L	0.00233	0.00123	0.99644	0
134	Y	0.00107	0.07764	0.92129	0
135	S	0.00067	0.56096	0.43837	0
136	K	0.00046	0.73101	0.26853	0
137	I	0.00005	0.7322	0.26775	0
138	F	0.00000	0.73619	0.26380	0
139	V	0.00000	0.74614	0.25386	0
140	V	0.00000	0.75116	0.24884	0
141	A	0.00000	0.79019	0.20981	0
142	K	0.00000	0.91967	0.08032	0
143	Q	0.00000	0.9214	0.07860	0
144	Q	0.00000	0.9215	0.07850	0
145	A	0.00000	0.92148	0.07851	0
146	I	0.00000	0.91829	0.08171	0
147	K	0.00000	0.91688	0.08312	0
148	I	0.00000	0.32133	0.67867	0
149	E	0.00000	0.30982	0.69018	0
150	T	0.00000	0.29121	0.70879	0
151	S	0.00000	0.28047	0.71953	0
152	M	0.00000	0.28466	0.71534	0
153	G	0.00000	0.3334	0.66660	0
154	S	0.00000	0.3507	0.64930	0
155	S	0.00000	0.35407	0.64593	0
156	E	0.00000	0.35525	0.64475	0
157	T	0.00000	0.35539	0.64461	0
158	E	0.00000	0.35549	0.64451	0
159	S	0.00000	0.3555	0.64450	0
160	S	0.00000	0.35551	0.64449	0
161	S	0.00000	0.35551	0.64449	0
162	E	0.00000	0.35551	0.64449	0
163	S	0.00000	0.35551	0.64449	0
164	Y	0.00000	0.35551	0.64449	0
165	K	0.00001	0.35551	0.64448	0
166	A	0.00002	0.35551	0.64447	0
167	R	0.00051	0.35551	0.64398	0
168	V	0.00187	0.35551	0.64263	0
169	A	0.29652	0.3555	0.34797	0
170	R	0.63072	0.3555	0.01377	0
171	R	0.64025	0.3555	0.00424	0
172	E	0.64449	0.35524	0.00028	0
173	R	0.64449	0.35521	0.00030	0
174	K	0.64449	0.35514	0.00037	0
175	A	0.64449	0.06227	0.29324	0
176	A	0.64449	0.05591	0.29960	0
177	K	0.64448	0.05455	0.30097	0
178	T	0.64029	0.02097	0.33874	0
179	L	0.59947	0.00403	0.39650	0
180	G	0.58063	0.00244	0.41693	0
181	V	0.55824	0.00086	0.44090	0
182	T	0.55648	0.0007	0.44282	0
183	V	0.53926	0.0005	0.46024	0
184	V	0.00817	1e-05	0.99182	0
185	A	0.00142	0	0.99858	0
186	F	0.00127	0	0.99873	0
187	L	0.00006	0	0.99994	0
188	I	0.00002	0	0.99998	0
189	S	0.00002	0	0.99998	0
190	W	0.00002	0	0.99998	0
191	L	0.00000	0	1.00000	0
192	P	0.00000	0	1.00000	0
193	Y	0.00001	0	0.99999	0
194	T	0.00002	0	0.99998	0
195	I	0.00011	0	0.99989	0
196	D	0.00613	0	0.99386	0
197	A	0.00684	0	0.99315	0
198	L	0.03225	3e-05	0.96771	0
199	I	0.06232	0.00033	0.93736	0
200	D	0.32697	0.00459	0.66844	0
201	A	0.33033	0.00461	0.66506	0
202	F	0.33252	0.00498	0.66251	0
203	M	0.34547	0.00643	0.64811	0
204	G	0.35255	0.01535	0.63210	0
205	F	0.35317	0.01906	0.62777	0
206	I	0.35454	0.09675	0.54871	0
207	T	0.35469	0.31925	0.32606	0
208	P	0.35467	0.4324	0.21294	0
209	A	0.35467	0.44925	0.19609	0
210	Y	0.35465	0.51011	0.13524	0
211	I	0.35460	0.5448	0.10060	0
212	Y	0.35459	0.60973	0.03567	0
213	E	0.35459	0.61346	0.03195	0
214	I	0.17723	0.57578	0.24699	0
215	C	0.01892	0.56393	0.41715	0
216	G	0.00007	0.51561	0.48432	0
217	W	0.00004	0.0442	0.95576	0
218	C	0.00000	0.00176	0.99824	0
219	A	0.00000	1e-05	0.99999	0
220	Y	0.00000	0	1.00000	0
221	Y	0.00000	0	1.00000	0
222	N	0.00000	0	1.00000	0
223	S	0.00000	0	1.00000	0
224	A	0.00000	0	1.00000	0
225	M	0.00000	1e-05	0.99999	0
226	N	0.00000	5e-05	0.99995	0
227	P	0.00000	6e-05	0.99994	0
228	L	0.00000	6e-05	0.99994	0
229	I	0.00001	7e-05	0.99992	0
230	Y	0.00011	0.0001	0.99978	0
231	A	0.00049	0.00012	0.99939	0
232	L	0.00079	0.00015	0.99906	0
233	F	0.00187	0.0006	0.99754	0
234	Y	0.00449	0.01914	0.97637	0
235	P	0.01477	0.13976	0.84547	0
236	W	0.02113	0.16899	0.80988	0
237	F	0.19705	0.20413	0.59882	0
238	R	0.64449	0.351	0.00451	0
239	K	0.64449	0.34414	0.01137	0
240	T	0.64449	0.22082	0.13469	0
241	I	0.64449	0.00324	0.35227	0
242	K	0.64449	0.00025	0.35526	0
243	F	0.64449	1e-05	0.35550	0
244	T	0.64449	0	0.35551	0
245	L	0.64449	0	0.35551	0
246	S	0.64449	0	0.35551	0
247	G	0.64449	0	0.35551	0
248	E	0.64449	0	0.35551	0
249	I	0.64449	0	0.35551	0
250	L	0.64449	0	0.35551	0
251	K	0.64449	0	0.35551	0
252	G	0.64449	0	0.35551	0
253	S	0.64449	0	0.35551	0
254	S	0.64449	0	0.35551	0
255	S	0.64449	0	0.35551	0
256	T	0.64449	0	0.35551	0
257	I	0.64449	0	0.35551	0
258	S	0.64450	0	0.35550	0
259	V	0.64456	0	0.35544	0
260	F	0.64794	0	0.35206	0
261	S	0.79148	0	0.20852	0
262	E	1.00000	0	0.00000	0
263	K	1.00000	0	0.00000	0
264	V	1.00000	0	0.00000	0
