# UNNAMED
#pos	aa	i	o	M	S
1	M	0.00000	1	0.00000	0
2	S	0.00000	1	0.00000	0
3	G	0.00000	1	0.00000	0
4	D	0.00000	1	0.00000	0
5	P	0.00000	0.95585	0.04415	0
6	A	0.00000	0.87838	0.12162	0
7	P	0.00000	0.84279	0.15720	0
8	P	0.00000	0.76103	0.23896	0
9	A	0.00000	0.7172	0.28280	0
10	A	0.00000	0.71665	0.28334	0
11	V	0.00000	0.71582	0.28417	0
12	Q	0.00000	0.71582	0.28417	0
13	L	0.00000	0.71582	0.28417	0
14	C	0.00000	0.71582	0.28417	0
15	Y	0.00000	0.71582	0.28417	0
16	E	0.00000	0.71582	0.28417	0
17	N	0.00000	0.71582	0.28417	0
18	W	0.00000	0.71583	0.28417	0
19	N	0.00000	0.71583	0.28417	0
20	G	0.00000	0.71583	0.28417	0
21	S	0.00000	0.71583	0.28417	0
22	C	0.00000	0.71583	0.28417	0
23	V	0.00764	0.71583	0.27653	0
24	K	0.01579	0.71583	0.26839	0
25	A	0.02277	0.71583	0.26140	0
26	P	0.13103	0.71583	0.15314	0
27	Y	0.15991	0.71583	0.12426	0
28	S	0.26933	0.71583	0.01484	0
29	P	0.28416	0.71582	0.00001	0
30	G	0.28417	0.71581	0.00002	0
31	P	0.28417	0.71578	0.00004	0
32	R	0.28399	0.70908	0.00693	0
33	L	0.17637	0.47095	0.35267	0
34	V	0.13776	0.24465	0.61759	0
35	L	0.02019	0.0642	0.91561	0
36	Y	0.00271	0.00891	0.98837	0
37	L	0.00019	0.00211	0.99769	0
38	V	0.00001	0.0005	0.99949	0
39	F	0.00000	0.00013	0.99987	0
40	G	0.00000	7e-05	0.99993	0
41	S	0.00000	3e-05	0.99997	0
42	G	0.00000	1e-05	0.99999	0
43	A	0.00000	0	1.00000	0
44	V	0.00000	0	1.00000	0
45	L	0.00000	0	1.00000	0
46	A	0.00000	0	1.00000	0
47	V	0.00000	0	1.00000	0
48	F	0.00000	0	1.00000	0
49	G	0.00000	0	1.00000	0
50	N	0.00000	2e-05	0.99998	0
51	L	0.00000	0.00015	0.99985	0
52	L	0.00000	0.00426	0.99574	0
53	V	0.00018	0.01287	0.98695	0
54	M	0.00247	0.02625	0.97128	0
55	T	0.02826	0.07083	0.90091	0
56	S	0.08447	0.12464	0.79089	0
57	I	0.09948	0.13955	0.76098	0
58	L	0.23030	0.20043	0.56928	0
59	H	0.47815	0.28196	0.23989	0
60	F	0.52147	0.28236	0.19617	0
61	K	0.71116	0.28341	0.00543	0
62	Q	0.71580	0.28179	0.00241	0
63	L	0.71582	0.27467	0.00951	0
64	H	0.71583	0.27472	0.00946	0
65	S	0.71583	0.2747	0.00948	0
66	P	0.71583	0.27463	0.00955	0
67	A	0.51529	0.27232	0.21239	0
68	N	0.12177	0.27143	0.60680	0
69	F	0.02288	0.2115	0.76562	0
70	L	0.00054	0.19299	0.80648	0
71	V	0.00012	0.18822	0.81166	0
72	T	0.00002	0.18811	0.81187	0
73	S	0.00000	0.18796	0.81204	0
74	L	0.00000	0.07615	0.92385	0
75	A	0.00000	0.03758	0.96242	0
76	C	0.00000	0.0297	0.97030	0
77	A	0.00000	0.00135	0.99865	0
78	D	0.00000	4e-05	0.99996	0
79	F	0.00000	0	1.00000	0
80	L	0.00000	0	1.00000	0
81	V	0.00001	0	0.99999	0
82	G	0.00257	0	0.99743	0
83	T	0.00927	0	0.99073	0
84	T	0.00930	0	0.99070	0
85	V	0.00936	1e-05	0.99063	0
86	M	0.00950	0.00064	0.98986	0
87	P	0.01107	0.01125	0.97768	0
88	F	0.01107	0.03283	0.95610	0
89	S	0.01107	0.21408	0.77485	0
90	M	0.01108	0.27356	0.71536	0
91	V	0.01108	0.46352	0.52540	0
92	R	0.01108	0.71578	0.27314	0
93	S	0.08261	0.71581	0.20158	0
94	V	0.08432	0.71581	0.19986	0
95	E	0.08654	0.71583	0.19763	0
96	S	0.22788	0.71583	0.05629	0
97	C	0.28409	0.71583	0.00008	0
98	W	0.28409	0.71578	0.00013	0
99	Y	0.28412	0.71537	0.00052	0
100	F	0.28415	0.7109	0.00495	0
101	G	0.28416	0.71077	0.00506	0
102	D	0.28416	0.71055	0.00528	0
103	A	0.28244	0.70914	0.00842	0
104	Y	0.26380	0.70105	0.03515	0
105	C	0.24524	0.69947	0.05528	0
106	K	0.24444	0.69406	0.06151	0
107	F	0.20950	1e-05	0.79049	0
108	H	0.20184	1e-05	0.79814	0
109	S	0.19685	1e-05	0.80314	0
110	S	0.19573	1e-05	0.80426	0
111	F	0.18460	1e-05	0.81539	0
112	E	0.18367	1e-05	0.81632	0
113	G	0.05246	0	0.94754	0
114	S	0.00421	0	0.99579	0
115	F	0.00001	0	0.99999	0
116	C	0.00000	0	1.00000	0
117	Y	0.00000	0	1.00000	0
118	C	0.00000	0	1.00000	0
119	S	0.00001	0	0.99999	0
120	I	0.00003	0	0.99997	0
121	F	0.00004	0	0.99996	0
122	H	0.00104	1e-05	0.99895	0
123	L	0.00130	3e-05	0.99867	0
124	C	0.00941	0.00473	0.98585	0
125	F	0.01009	0.00657	0.98334	0
126	I	0.01206	0.01865	0.96930	0
127	S	0.01612	0.06889	0.91499	0
128	I	0.01835	0.07216	0.90948	0
129	D	0.02302	0.08904	0.88795	0
130	R	0.59983	0.09219	0.30797	0
131	Y	0.71507	0.09319	0.19173	0
132	I	0.71580	0.09691	0.18730	0
133	A	0.71581	0.15065	0.13354	0
134	V	0.71581	0.2799	0.00429	0
135	T	0.71581	0.28416	0.00003	0
136	D	0.71580	0.28417	0.00002	0
137	P	0.71579	0.28417	0.00004	0
138	L	0.71462	0.28416	0.00122	0
139	V	0.70872	0.28416	0.00712	0
140	Y	0.70631	0.28416	0.00953	0
141	P	0.70455	0.28416	0.01129	0
142	S	0.51704	0.28415	0.19881	0
143	K	0.39466	0.28415	0.32119	0
144	F	0.00310	0.27873	0.71817	0
145	T	0.00005	0.2762	0.72374	0
146	V	0.00001	0.00571	0.99428	0
147	S	0.00000	0.00119	0.99881	0
148	L	0.00000	0.00037	0.99963	0
149	S	0.00000	0.00031	0.99969	0
150	G	0.00000	0.00029	0.99971	0
151	K	0.00000	0.00019	0.99981	0
152	C	0.00000	5e-05	0.99995	0
153	V	0.00000	3e-05	0.99997	0
154	A	0.00000	3e-05	0.99997	0
155	F	0.00000	2e-05	0.99998	0
156	S	0.00000	2e-05	0.99998	0
157	W	0.00000	2e-05	0.99998	0
158	L	0.00000	8e-05	0.99992	0
159	L	0.00000	0.00109	0.99891	0
160	A	0.00000	0.00467	0.99533	0
161	V	0.00000	0.02764	0.97236	0
162	I	0.00000	0.43605	0.56395	0
163	F	0.00000	0.59989	0.40011	0
164	S	0.00002	0.71506	0.28492	0
165	F	0.00002	0.71579	0.28419	0
166	S	0.00023	0.71579	0.28398	0
167	L	0.00040	0.7158	0.28380	0
168	L	0.00250	0.71581	0.28169	0
169	Y	0.01921	0.71581	0.26498	0
170	T	0.25397	0.71581	0.03022	0
171	G	0.28188	0.71579	0.00233	0
172	A	0.28396	0.71578	0.00026	0
173	N	0.28411	0.71121	0.00468	0
174	E	0.28415	0.28308	0.43277	0
175	A	0.28415	0.12483	0.59102	0
176	G	0.28415	0.00307	0.71278	0
177	L	0.28416	4e-05	0.71581	0
178	E	0.28417	4e-05	0.71579	0
179	E	0.28417	4e-05	0.71579	0
180	L	0.04373	0	0.95627	0
181	V	0.00252	0	0.99748	0
182	S	0.00155	0	0.99845	0
183	A	0.00033	0	0.99967	0
184	L	0.00031	0	0.99969	0
185	T	0.00031	0	0.99969	0
186	C	0.00028	0	0.99972	0
187	V	0.00028	0	0.99972	0
188	G	0.00030	0	0.99970	0
189	G	0.00029	0	0.99971	0
190	C	0.00029	0	0.99971	0
191	Q	0.00020	0	0.99980	0
192	V	0.00020	0	0.99980	0
193	A	0.00026	0	0.99974	0
194	V	0.00852	0	0.99148	0
195	N	0.70794	0	0.29206	0
196	Q	0.71588	0	0.28412	0
197	N	0.71573	0	0.28426	0
198	W	0.71576	9e-05	0.28415	0
199	V	0.71577	0.00056	0.28367	0
200	L	0.71577	0.01345	0.27079	0
201	I	0.71581	0.16324	0.12096	0
202	D	0.71581	0.28353	0.00067	0
203	F	0.71351	0.17419	0.11229	0
204	L	0.01099	0.00345	0.98556	0
205	L	0.00018	0.00018	0.99964	0
206	F	0.00013	2e-05	0.99985	0
207	F	0.00005	0	0.99995	0
208	I	0.00004	0	0.99996	0
209	P	0.00004	0	0.99996	0
210	A	0.00000	1e-05	0.99999	0
211	L	0.00000	1e-05	0.99999	0
212	V	0.00000	1e-05	0.99999	0
213	M	0.00000	1e-05	0.99999	0
214	I	0.00000	3e-05	0.99997	0
215	T	0.00000	0.00011	0.99989	0
216	V	0.00000	0.00013	0.99987	0
217	Y	0.00000	0.00019	0.99981	0
218	S	0.00001	0.00034	0.99965	0
219	K	0.00011	0.00032	0.99957	0
220	I	0.00011	7e-05	0.99982	0
221	F	0.00011	1e-05	0.99988	0
222	L	0.00011	7e-05	0.99982	0
223	I	0.00011	0.00326	0.99663	0
224	A	0.00011	0.13297	0.86692	0
225	N	0.24326	0.70648	0.05026	0
226	Y	0.27304	0.69991	0.02705	0
227	E	0.28384	0.06062	0.65554	0
228	K	0.28384	0.002	0.71416	0
229	E	0.28384	0.00027	0.71589	0
230	A	0.28384	0	0.71616	0
231	E	0.28384	0	0.71616	0
232	P	0.28384	0	0.71616	0
233	S	0.28384	0	0.71616	0
234	T	0.28384	0	0.71616	0
235	S	0.28384	0	0.71616	0
236	A	0.28384	0	0.71616	0
237	P	0.28384	0	0.71616	0
238	A	0.28384	0	0.71616	0
239	T	0.28384	0	0.71616	0
240	G	0.28385	0	0.71615	0
241	S	0.28400	0	0.71600	0
242	R	0.28421	0	0.71579	0
243	V	0.28421	0	0.71579	0
244	L	0.28421	0	0.71579	0
245	W	0.28445	0	0.71555	0
246	L	0.29852	0	0.70148	0
247	R	0.99340	0	0.00660	0
248	H	0.99695	0	0.00305	0
249	E	1.00000	0	0.00000	0
250	H	1.00000	0	0.00000	0
251	P	1.00000	0	0.00000	0
252	G	1.00000	0	0.00000	0
253	R	1.00000	0	0.00000	0
254	K	1.00000	0	0.00000	0
255	L	1.00000	0	0.00000	0
256	T	1.00000	0	0.00000	0
257	S	1.00000	0	0.00000	0
258	Q	1.00000	0	0.00000	0
