# UNNAMED
#pos	aa	i	o	M	S
1	M	0.00000	0.99998	0.00000	2e-05
2	L	0.00000	0.99998	0.00000	2e-05
3	P	0.00000	0.99998	0.00000	2e-05
4	P	0.00000	0.99898	0.00100	2e-05
5	S	0.00000	0.97224	0.02774	2e-05
6	P	0.00000	0.93606	0.06392	2e-05
7	S	0.00000	0.83668	0.16330	2e-05
8	H	0.00000	0.5206	0.47938	2e-05
9	P	0.00000	0.48661	0.51337	2e-05
10	S	0.00000	0.48211	0.51787	2e-05
11	F	0.00000	0.47724	0.52274	2e-05
12	P	0.00000	0.47392	0.52606	2e-05
13	L	0.00000	0.23507	0.76491	2e-05
14	A	0.00000	0.08246	0.91752	2e-05
15	P	0.00000	0.07288	0.92710	2e-05
16	P	0.00000	0.07221	0.92777	2e-05
17	Y	0.00000	0.07183	0.92815	2e-05
18	P	0.00000	0.07173	0.92825	2e-05
19	L	0.00000	0.07112	0.92887	2e-05
20	S	0.00000	0.07111	0.92887	2e-05
21	R	0.00000	0.07111	0.92887	2e-05
22	Y	0.00000	0.07111	0.92887	2e-05
23	Y	0.00000	0.07111	0.92887	2e-05
24	A	0.00001	0.07111	0.92886	2e-05
25	I	0.00028	0.07111	0.92859	2e-05
26	C	0.16818	0.07111	0.76069	2e-05
27	C	0.43547	0.07112	0.49340	1e-05
28	Q	0.51736	0.07113	0.41151	0
29	P	0.51765	0.07113	0.41122	0
30	L	0.51773	0.07113	0.41114	0
31	V	0.51944	0.07113	0.40943	0
32	Y	0.56061	0.07113	0.36826	0
33	R	0.87749	0.07113	0.05138	0
34	N	0.92202	0.07113	0.00686	0
35	K	0.92805	0.0711	0.00085	0
36	M	0.92820	0.05852	0.01328	0
37	T	0.92885	0.01972	0.05142	0
38	P	0.92886	0.00865	0.06249	0
39	L	0.47692	0.00064	0.52244	0
40	H	0.21225	0.00011	0.78764	0
41	I	0.01417	8e-05	0.98575	0
42	A	0.00710	8e-05	0.99282	0
43	L	0.00044	8e-05	0.99948	0
44	M	0.00012	8e-05	0.99980	0
45	L	0.00000	8e-05	0.99992	0
46	G	0.00000	8e-05	0.99992	0
47	G	0.00000	8e-05	0.99992	0
48	C	0.00000	7e-05	0.99993	0
49	W	0.00000	5e-05	0.99995	0
50	V	0.00000	3e-05	0.99997	0
51	I	0.00000	1e-05	0.99999	0
52	P	0.00000	1e-05	0.99998	0
53	L	0.00000	1e-05	0.99999	0
54	F	0.00044	0	0.99956	0
55	I	0.00106	0	0.99893	0
56	S	0.01813	0.00048	0.98138	0
57	F	0.02091	0.00796	0.97113	0
58	L	0.04531	0.00819	0.94650	0
59	P	0.07092	0.01211	0.91697	0
60	I	0.07078	0.02221	0.90701	0
61	M	0.07015	0.05344	0.87642	0
62	Q	0.06495	0.70083	0.23422	0
63	G	0.03621	0.84245	0.12134	0
64	W	0.00830	0.92881	0.06288	0
65	N	0.00030	0.92887	0.07084	0
66	N	0.00001	0.92887	0.07112	0
67	V	0.00001	0.92677	0.07322	0
68	G	0.00000	0.92661	0.07339	0
69	I	0.00000	0.92661	0.07339	0
70	I	0.00000	0.92661	0.07339	0
71	D	0.00000	0.92661	0.07339	0
72	L	0.00000	0.92661	0.07339	0
73	E	0.00001	0.92661	0.07338	0
74	R	0.00002	0.90472	0.09526	0
75	I	0.00003	0.01373	0.98625	0
76	S	0.00005	0.01022	0.98972	0
77	K	0.00008	0.01014	0.98978	0
78	P	0.00008	0.01012	0.98980	0
79	R	0.00008	0.00183	0.99809	0
80	L	0.00008	0.00121	0.99871	0
81	G	0.00008	0.00188	0.99804	0
82	Q	0.00008	0.05767	0.94225	0
83	D	0.00008	0.07105	0.92888	0
84	L	0.00008	0.07105	0.92887	0
85	H	0.00008	0.07116	0.92876	0
86	V	0.00013	0.07116	0.92871	0
87	I	0.00169	0.07117	0.92714	0
88	E	0.00221	0.07118	0.92661	0
89	K	0.00228	0.07118	0.92654	0
90	R	0.00231	0.07118	0.92650	0
91	K	0.00227	0.07118	0.92654	0
92	F	0.00235	0.07117	0.92648	0
93	N	0.26671	0.07117	0.66212	0
94	K	0.83397	0.07117	0.09486	0
95	N	0.91870	0.07116	0.01014	0
96	A	0.91873	0.06817	0.01310	0
97	N	0.91901	0.06808	0.01291	0
98	S	0.92225	0.05562	0.02213	0
99	T	0.92643	0.01812	0.05545	0
100	Y	0.92650	0.00347	0.07004	0
101	C	0.92759	8e-05	0.07233	0
102	I	0.92817	4e-05	0.07180	0
103	F	0.92843	4e-05	0.07154	0
104	M	0.92849	4e-05	0.07148	0
105	V	0.92850	3e-05	0.07147	0
106	N	0.92850	3e-05	0.07147	0
107	K	0.92834	3e-05	0.07163	0
108	P	0.91588	2e-05	0.08410	0
109	Y	0.08357	1e-05	0.91643	0
110	A	0.03070	1e-05	0.96929	0
111	I	0.00669	1e-05	0.99331	0
112	T	0.00507	8e-05	0.99485	0
113	C	0.00133	8e-05	0.99858	0
114	S	0.00128	8e-05	0.99864	0
115	V	0.00022	8e-05	0.99970	0
116	V	0.00174	8e-05	0.99818	0
117	A	0.00190	8e-05	0.99801	0
118	F	0.00215	8e-05	0.99777	0
119	Y	0.01247	0.00015	0.98738	0
120	I	0.06060	0.00031	0.93908	0
121	P	0.07114	0.00031	0.92854	0
122	F	0.07114	0.00031	0.92854	0
123	L	0.07114	0.00032	0.92854	0
124	L	0.07114	0.00032	0.92854	0
125	M	0.07114	0.00032	0.92854	0
126	V	0.07114	0.00032	0.92854	0
127	L	0.07111	0.0004	0.92849	0
128	A	0.07108	0.01966	0.90927	0
129	Y	0.07092	0.30967	0.61942	0
130	Y	0.07066	0.7491	0.18024	0
131	R	0.07046	0.90884	0.02070	0
132	I	0.04232	0.91267	0.04502	0
133	Y	0.00249	0.9209	0.07660	0
134	V	0.00092	0.92518	0.07390	0
135	T	0.00066	0.92789	0.07145	0
136	A	0.00056	0.92844	0.07099	0
137	K	0.00050	0.9285	0.07100	0
138	G	0.00017	0.9285	0.07132	0
139	H	0.00007	0.9285	0.07143	0
140	A	0.00003	0.92823	0.07174	0
141	H	0.00003	0.92822	0.07176	0
142	Q	0.00002	0.928	0.07198	0
143	I	0.00002	0.34288	0.65710	0
144	Q	0.00001	0.33634	0.66365	0
145	M	0.00000	0.17032	0.82968	0
146	L	0.00000	0.17004	0.82996	0
147	Q	0.00000	0.16996	0.83003	0
148	R	0.00001	0.17001	0.82998	0
149	A	0.00005	0.17001	0.82994	0
150	G	0.00005	0.17022	0.82973	0
151	A	0.00006	0.1711	0.82885	0
152	P	0.00013	0.20651	0.79337	0
153	S	0.00031	0.2387	0.76099	0
154	E	0.00031	0.24027	0.75942	0
155	G	0.00031	0.24034	0.75935	0
156	R	0.00031	0.24051	0.75917	0
157	P	0.00031	0.24056	0.75913	0
158	Q	0.00031	0.24079	0.75889	0
159	P	0.00031	0.24093	0.75875	0
160	T	0.00033	0.24098	0.75869	0
161	D	0.00062	0.24103	0.75834	0
162	Q	0.00064	0.24103	0.75832	0
163	H	0.00150	0.24103	0.75747	0
164	S	0.01711	0.24103	0.74185	0
165	T	0.24145	0.24104	0.51751	0
166	H	0.56842	0.24105	0.19054	0
167	R	0.73706	0.24105	0.02189	0
168	M	0.75844	0.24101	0.00056	0
169	R	0.75895	0.24101	0.00004	0
170	T	0.75895	0.241	0.00004	0
171	E	0.75895	0.23876	0.00229	0
172	T	0.75887	0.23829	0.00283	0
173	K	0.75886	0.23814	0.00300	0
174	A	0.74479	0.09135	0.16386	0
175	A	0.74423	0.09049	0.16528	0
176	K	0.74309	0.09033	0.16658	0
177	T	0.60887	0.04421	0.34691	0
178	L	0.00629	0.00023	0.99348	0
179	C	0.00004	2e-05	0.99993	0
180	I	0.00002	1e-05	0.99997	0
181	I	0.00000	0	1.00000	0
182	M	0.00000	0	1.00000	0
183	G	0.00000	0	1.00000	0
184	C	0.00000	0	1.00000	0
185	F	0.00000	0	1.00000	0
186	C	0.00000	0	1.00000	0
187	L	0.00000	0	1.00000	0
188	C	0.00000	0	1.00000	0
189	W	0.00000	0	1.00000	0
190	A	0.00000	0	1.00000	0
191	P	0.00000	0	1.00000	0
192	F	0.00000	0	1.00000	0
193	F	0.00001	0	0.99999	0
194	V	0.00019	0.0002	0.99961	0
195	T	0.00159	0.0023	0.99612	0
196	N	0.00282	0.00466	0.99252	0
197	I	0.00786	0.00797	0.98418	0
198	V	0.04420	0.07795	0.87785	0
199	D	0.22413	0.71882	0.05705	0
200	P	0.22871	0.72296	0.04833	0
201	F	0.22939	0.72503	0.04558	0
202	V	0.23472	0.73466	0.03062	0
203	D	0.24102	0.75866	0.00032	0
204	Y	0.24104	0.75871	0.00025	0
205	T	0.24104	0.75881	0.00015	0
206	V	0.24104	0.75887	0.00009	0
207	P	0.24102	0.75891	0.00007	0
208	G	0.23458	0.7582	0.00722	0
209	Q	0.22612	0.74768	0.02621	0
210	V	0.20006	0.70074	0.09920	0
211	W	0.09264	0.6824	0.22496	0
212	T	0.09193	0.27407	0.63400	0
213	A	0.00359	0.00302	0.99338	0
214	F	0.00000	9e-05	0.99991	0
215	L	0.00000	0	1.00000	0
216	W	0.00000	0	1.00000	0
217	L	0.00000	0	1.00000	0
218	G	0.00000	0	1.00000	0
219	Y	0.00000	0	1.00000	0
220	I	0.00000	0	1.00000	0
221	N	0.00000	0	1.00000	0
222	S	0.00000	0	1.00000	0
223	G	0.00000	0	1.00000	0
224	L	0.00000	0	1.00000	0
225	N	0.00000	0	1.00000	0
226	P	0.00000	0	1.00000	0
227	F	0.00000	0	1.00000	0
228	L	0.00000	0	1.00000	0
229	Y	0.00001	1e-05	0.99998	0
230	A	0.00009	8e-05	0.99984	0
231	F	0.00173	0.00055	0.99772	0
232	L	0.28755	0.01531	0.69714	0
233	N	0.63866	0.18502	0.17632	0
234	K	0.75895	0.23919	0.00187	0
235	S	0.75895	0.23959	0.00146	0
236	F	0.75895	0.23979	0.00126	0
237	R	0.75895	0.2408	0.00025	0
238	H	0.75895	0.24085	0.00020	0
239	A	0.75895	0.24086	0.00019	0
240	F	0.75895	0.24087	0.00018	0
241	L	0.75895	0.24093	0.00012	0
242	I	0.75895	0.24104	0.00001	0
243	I	0.75895	0.24104	0.00000	0
244	L	0.75895	0.24105	0.00000	0
245	C	0.75895	0.24105	0.00000	0
246	C	0.75895	0.24105	0.00000	0
247	D	0.75895	0.24105	0.00000	0
248	N	0.75895	0.24085	0.00020	0
249	E	0.75895	0.19619	0.04485	0
250	R	0.75895	0.18109	0.05996	0
251	Y	0.75895	0.1771	0.06394	0
252	R	0.75895	0.16848	0.07257	0
253	R	0.75895	0.13362	0.10743	0
254	P	0.75893	0.1246	0.11646	0
255	S	0.75890	0.08578	0.15532	0
256	V	0.75887	0.0051	0.23603	0
257	L	0.75887	0	0.24113	0
258	G	0.75887	0	0.24113	0
259	Q	0.75887	0	0.24113	0
260	T	0.75887	0	0.24113	0
261	V	0.75887	0	0.24113	0
262	P	0.75887	0	0.24113	0
263	C	0.75887	0	0.24113	0
264	S	0.75887	0	0.24113	0
265	T	0.75887	0	0.24113	0
266	T	0.75887	0	0.24113	0
267	T	0.75887	0	0.24113	0
268	I	0.75892	0	0.24108	0
269	N	0.75953	0	0.24047	0
270	G	0.76131	0	0.23869	0
271	S	0.79942	0	0.20058	0
272	T	0.81739	0	0.18261	0
273	H	0.82871	0	0.17129	0
274	V	0.83553	0	0.16447	0
275	L	0.87333	0	0.12666	0
276	R	0.99992	7e-05	0.00001	0
277	D	0.99992	8e-05	0.00000	0
278	A	0.99992	8e-05	0.00000	0
279	V	0.99992	8e-05	0.00000	0
280	E	0.99992	8e-05	0.00000	0
281	C	0.99992	8e-05	0.00000	0
282	G	0.99992	5e-05	0.00003	0
283	G	0.99992	4e-05	0.00004	0
284	Q	0.99992	0	0.00008	0
285	W	0.99992	0	0.00008	0
286	E	0.99992	0	0.00008	0
287	S	0.99992	0	0.00008	0
288	Q	0.99992	0	0.00008	0
289	S	0.99992	0	0.00008	0
290	H	0.99992	0	0.00008	0
291	P	0.99992	0	0.00008	0
292	P	0.99992	0	0.00008	0
293	T	0.99992	0	0.00008	0
294	T	0.99992	0	0.00008	0
295	S	0.99992	0	0.00008	0
296	S	0.99992	0	0.00008	0
297	L	0.99992	0	0.00008	0
298	V	0.99992	0	0.00008	0
299	A	0.99992	0	0.00008	0
300	A	0.99992	0	0.00008	0
301	Q	0.99993	0	0.00007	0
302	P	0.99993	0	0.00007	0
303	S	0.99996	0	0.00004	0
304	D	0.99999	0	0.00001	0
305	T	1.00000	0	0.00000	0
