# UNNAMED
#pos	aa	i	o	M	S
1	M	0.00000	0.99996	0.00000	4e-05
2	F	0.00000	0.99996	0.00000	4e-05
3	R	0.00000	0.99996	0.00000	4e-05
4	Q	0.00000	0.99996	0.00000	4e-05
5	E	0.00000	0.99995	0.00001	4e-05
6	Q	0.00000	0.99979	0.00017	4e-05
7	P	0.00000	0.99911	0.00085	4e-05
8	L	0.00000	0.99777	0.00218	4e-05
9	A	0.00000	0.99608	0.00387	4e-05
10	E	0.00000	0.99501	0.00495	4e-05
11	G	0.00000	0.91173	0.08823	4e-05
12	S	0.00000	0.86979	0.13017	4e-05
13	F	0.00000	0.85074	0.14922	4e-05
14	A	0.00000	0.85006	0.14990	4e-05
15	P	0.00000	0.84976	0.15020	4e-05
16	M	0.00000	0.84732	0.15264	4e-05
17	G	0.00000	0.81416	0.18580	4e-05
18	S	0.00000	0.81416	0.18580	4e-05
19	L	0.00000	0.81415	0.18581	4e-05
20	Q	0.00000	0.81419	0.18581	0
21	P	0.00000	0.81419	0.18581	0
22	D	0.00000	0.81419	0.18581	0
23	A	0.00000	0.77835	0.22165	0
24	G	0.00000	0.12936	0.87064	0
25	N	0.00000	0.10915	0.89085	0
26	A	0.00000	0.08204	0.91796	0
27	S	0.00001	0.07393	0.92606	0
28	W	0.00004	0.07184	0.92813	0
29	N	0.00053	0.07175	0.92772	0
30	G	0.00323	0.07071	0.92606	0
31	T	0.05398	0.07053	0.87549	0
32	E	0.11942	0.07051	0.81006	0
33	A	0.14434	0.07043	0.78523	0
34	P	0.14560	0.07042	0.78398	0
35	G	0.14591	0.07039	0.78370	0
36	G	0.14670	0.07037	0.78293	0
37	G	0.14804	0.07035	0.78161	0
38	A	0.15486	0.07028	0.77486	0
39	R	0.17319	0.06913	0.75768	0
40	A	0.17493	0.06266	0.76241	0
41	T	0.18385	0.06119	0.75496	0
42	P	0.24830	0.06013	0.69157	0
43	Y	0.21540	0.05888	0.72573	0
44	S	0.76399	0.05836	0.17765	0
45	L	0.73789	0.05614	0.20597	0
46	Q	0.76711	0.0517	0.18119	0
47	V	0.76560	0.02462	0.20978	0
48	T	0.77592	0.00666	0.21742	0
49	L	0.69828	0.00378	0.29794	0
50	T	0.60168	0.00216	0.39617	0
51	L	0.29223	0.00078	0.70699	0
52	V	0.23980	0.00041	0.75979	0
53	C	0.14498	0.00033	0.85469	0
54	L	0.07195	5e-05	0.92800	0
55	A	0.05248	1e-05	0.94751	0
56	G	0.02348	0	0.97652	0
57	L	0.00025	0	0.99975	0
58	L	0.00052	0	0.99948	0
59	M	0.00288	0	0.99712	0
60	L	0.00401	0	0.99598	0
61	L	0.00552	0.00035	0.99412	0
62	T	0.01084	0.00426	0.98490	0
63	V	0.01042	0.01008	0.97950	0
64	F	0.00815	0.03408	0.95777	0
65	G	0.00786	0.08548	0.90666	0
66	N	0.00386	0.12956	0.86658	0
67	V	0.00025	0.13232	0.86743	0
68	L	0.00001	0.13632	0.86367	0
69	V	0.00000	0.14055	0.85945	0
70	I	0.00000	0.14593	0.85407	0
71	I	0.00008	0.15793	0.84200	0
72	A	0.00431	0.26811	0.72757	0
73	V	0.00954	0.34946	0.64101	0
74	F	0.02128	0.56492	0.41379	0
75	T	0.05734	0.87395	0.06871	0
76	S	0.05933	0.88692	0.05374	0
77	R	0.05940	0.84355	0.09705	0
78	A	0.05940	0.82253	0.11806	0
79	L	0.05940	0.79534	0.14525	0
80	K	0.05940	0.79589	0.14470	0
81	A	0.05940	0.79517	0.14543	0
82	P	0.05940	0.7935	0.14709	0
83	Q	0.04959	0.773	0.17741	0
84	N	0.00860	0.73371	0.25770	0
85	L	0.00139	0.36797	0.63065	0
86	F	0.00001	0.1304	0.86958	0
87	L	0.00000	0.09215	0.90785	0
88	V	0.00000	0.08933	0.91067	0
89	S	0.00000	0.08908	0.91092	0
90	L	0.00000	0.02057	0.97943	0
91	A	0.00000	0.01182	0.98818	0
92	S	0.00000	0.01115	0.98885	0
93	A	0.00000	0.0096	0.99040	0
94	D	0.00000	0.00821	0.99179	0
95	I	0.00002	0.00336	0.99662	0
96	L	0.00011	0.00212	0.99778	0
97	V	0.00320	0.00023	0.99657	0
98	A	0.08570	1e-05	0.91429	0
99	T	0.13238	0	0.86761	0
100	L	0.13252	0	0.86748	0
101	V	0.13286	0	0.86714	0
102	I	0.13455	1e-05	0.86544	0
103	P	0.23050	0.00023	0.76927	0
104	F	0.23051	0.00238	0.76711	0
105	S	0.23056	0.02293	0.74651	0
106	L	0.23081	0.03094	0.73824	0
107	A	0.23105	0.0483	0.72065	0
108	N	0.23106	0.0594	0.70954	0
109	E	0.67371	0.0594	0.26688	0
110	V	0.85542	0.0594	0.08517	0
111	M	0.92494	0.0594	0.01565	0
112	G	0.93011	0.0594	0.01049	0
113	Y	0.93029	0.0594	0.01030	0
114	W	0.92967	0.0594	0.01093	0
115	Y	0.92134	0.0594	0.01926	0
116	F	0.90394	0.0594	0.03666	0
117	G	0.90953	0.0594	0.03107	0
118	K	0.90642	0.0594	0.03418	0
119	A	0.84207	0.0594	0.09853	0
120	W	0.74929	0.0594	0.19130	0
121	C	0.56894	0.0594	0.37166	0
122	E	0.54762	0.0594	0.39297	0
123	I	0.04327	0.05934	0.89739	0
124	Y	0.01776	0.05117	0.93107	0
125	L	0.01049	0.0239	0.96561	0
126	A	0.01023	0.01428	0.97549	0
127	L	0.00992	0.00035	0.98973	0
128	D	0.00980	0.00014	0.99006	0
129	V	0.00114	0	0.99886	0
130	L	0.00016	0	0.99983	0
131	F	0.00001	1e-05	0.99998	0
132	C	0.00000	9e-05	0.99991	0
133	T	0.00000	0.00012	0.99988	0
134	S	0.00000	0.00031	0.99968	0
135	S	0.00000	0.00067	0.99932	0
136	I	0.00000	0.00102	0.99898	0
137	V	0.00000	0.00229	0.99771	0
138	H	0.00000	0.02373	0.97627	0
139	L	0.00000	0.03035	0.96965	0
140	C	0.00000	0.10884	0.89116	0
141	A	0.00000	0.13055	0.86945	0
142	I	0.00000	0.20976	0.79024	0
143	S	0.00000	0.78459	0.21541	0
144	L	0.00000	0.81824	0.18176	0
145	D	0.00000	0.92931	0.07068	0
146	R	0.00048	0.93056	0.06896	0
147	Y	0.00324	0.93062	0.06614	0
148	W	0.00496	0.9315	0.06354	0
149	S	0.02825	0.93578	0.03597	0
150	I	0.05940	0.93626	0.00433	0
151	T	0.05940	0.94055	0.00004	0
152	Q	0.05940	0.94059	0.00000	0
153	A	0.05940	0.94059	0.00000	0
154	I	0.05940	0.94059	0.00000	0
155	E	0.05940	0.94059	0.00000	0
156	Y	0.05940	0.9406	0.00000	0
157	N	0.05940	0.94059	0.00000	0
158	L	0.05940	0.94053	0.00006	0
159	K	0.05940	0.94019	0.00040	0
160	R	0.05940	0.93998	0.00062	0
161	T	0.05940	0.01172	0.92887	0
162	P	0.05937	0.01105	0.92958	0
163	R	0.05875	0.01098	0.93027	0
164	R	0.04398	0.01089	0.94513	0
165	I	0.00018	0.00908	0.99073	0
166	K	0.00006	0.00878	0.99116	0
167	A	0.00000	0.0006	0.99940	0
168	I	0.00000	2e-05	0.99998	0
169	I	0.00000	0	1.00000	0
170	V	0.00000	0	1.00000	0
171	T	0.00000	0	1.00000	0
172	V	0.00000	0	1.00000	0
173	W	0.00000	0	1.00000	0
174	V	0.00000	0	1.00000	0
175	I	0.00000	0	1.00000	0
176	S	0.00000	0	1.00000	0
177	A	0.00000	0	1.00000	0
178	V	0.00000	0	1.00000	0
179	I	0.00000	0	1.00000	0
180	S	0.00004	0	0.99996	0
181	F	0.00096	0	0.99904	0
182	P	0.59576	0.00021	0.40402	0
183	P	0.87556	0.00354	0.12090	0
184	R	0.92550	0.03981	0.03468	0
185	E	0.92947	0.05757	0.01296	0
186	E	0.92998	0.05934	0.01067	0
187	R	0.93005	0.0594	0.01056	0
188	G	0.93031	0.0594	0.01028	0
189	G	0.94003	0.0594	0.00056	0
190	G	0.94025	0.0594	0.00034	0
191	A	0.94043	0.0594	0.00016	0
192	K	0.94059	0.0594	0.00000	0
193	A	0.94059	0.0594	0.00000	0
194	S	0.94060	0.0594	0.00000	0
195	R	0.94060	0.0594	0.00000	0
196	W	0.94060	0.0594	0.00000	0
197	R	0.94060	0.0594	0.00000	0
198	G	0.94060	0.05938	0.00003	0
199	R	0.94060	0.05932	0.00009	0
200	Q	0.94060	0.05918	0.00023	0
201	N	0.94060	0.05918	0.00023	0
202	R	0.94060	0.05918	0.00023	0
203	E	0.94060	0.05918	0.00023	0
204	K	0.92255	0.05913	0.01832	0
205	R	0.92162	0.05852	0.01985	0
206	F	0.70138	0.0097	0.28893	0
207	T	0.46706	0.00259	0.53035	0
208	F	0.11103	4e-05	0.88894	0
209	V	0.10594	2e-05	0.89404	0
210	L	0.00176	0	0.99824	0
211	A	0.00007	0	0.99993	0
212	V	0.00003	0	0.99997	0
213	V	0.00000	0	1.00000	0
214	I	0.00000	0	1.00000	0
215	G	0.00000	0	1.00000	0
216	V	0.00000	0	1.00000	0
217	F	0.00000	0	1.00000	0
218	V	0.00000	0	1.00000	0
219	V	0.00001	0	0.99999	0
220	C	0.00018	0	0.99982	0
221	W	0.00023	0	0.99977	0
222	F	0.00023	0	0.99977	0
223	P	0.00023	0	0.99977	0
224	F	0.00023	0	0.99977	0
225	F	0.00023	0	0.99977	0
226	F	0.00024	0.00072	0.99904	0
227	T	0.00046	0.01199	0.98756	0
228	Y	0.00079	0.0264	0.97281	0
229	T	0.04614	0.09327	0.86060	0
230	L	0.05547	0.14362	0.80091	0
231	T	0.05916	0.38398	0.55686	0
232	A	0.05918	0.50418	0.43665	0
233	V	0.05918	0.76679	0.17404	0
234	G	0.05918	0.90866	0.03216	0
235	C	0.05917	0.93797	0.00286	0
236	S	0.05917	0.93975	0.00108	0
237	V	0.05913	0.94019	0.00068	0
238	P	0.05432	0.94053	0.00515	0
239	R	0.01184	0.93669	0.05147	0
240	T	0.00049	0.91175	0.08777	0
241	L	0.00000	0.86116	0.13884	0
242	F	0.00000	0.85007	0.14993	0
243	K	0.00000	0.59516	0.40484	0
244	F	0.00000	0.00692	0.99308	0
245	F	0.00000	0.00114	0.99886	0
246	F	0.00000	5e-05	0.99995	0
247	W	0.00000	7e-05	0.99993	0
248	F	0.00000	0.00021	0.99979	0
249	G	0.00000	0.00016	0.99984	0
250	Y	0.00000	1e-05	0.99999	0
251	C	0.00000	0	1.00000	0
252	N	0.00000	0	1.00000	0
253	S	0.00000	0	1.00000	0
254	S	0.00000	0	1.00000	0
255	L	0.00000	0	1.00000	0
256	N	0.00000	0.00049	0.99951	0
257	P	0.00000	0.01742	0.98258	0
258	V	0.00000	0.02779	0.97221	0
259	I	0.00000	0.03624	0.96376	0
260	Y	0.00002	0.03179	0.96819	0
261	T	0.00016	0.00692	0.99292	0
262	I	0.00319	0	0.99681	0
263	F	0.15890	0	0.84110	0
264	N	0.72022	0	0.27978	0
265	H	0.83889	0	0.16111	0
266	D	0.90093	0	0.09907	0
267	F	0.91307	0	0.08693	0
268	R	0.94082	0	0.05918	0
269	R	0.94082	0	0.05918	0
270	A	0.94082	0	0.05918	0
271	F	0.94082	0	0.05918	0
272	K	0.94082	0	0.05918	0
273	K	0.94082	0	0.05918	0
274	I	0.94082	0	0.05918	0
275	L	0.94082	0	0.05918	0
276	C	0.94082	0	0.05918	0
277	R	0.94082	0	0.05918	0
278	G	0.94082	0	0.05918	0
279	D	0.97245	0	0.02755	0
280	R	1.00000	0	0.00000	0
281	K	1.00000	0	0.00000	0
282	R	1.00000	0	0.00000	0
283	I	1.00000	0	0.00000	0
284	V	1.00000	0	0.00000	0
