# UNNAMED
#pos	aa	i	o	M	S
1	M	0.00000	0.9279	0.00000	0.0721
2	F	0.00000	0.9279	0.00000	0.0721
3	Y	0.00000	0.9279	0.00000	0.07209
4	F	0.00000	0.92695	0.00095	0.0721
5	L	0.00000	0.92673	0.00117	0.07209
6	Q	0.00000	0.92671	0.00120	0.07209
7	R	0.00000	0.92647	0.00143	0.07209
8	P	0.00000	0.92384	0.00406	0.0721
9	S	0.00000	0.9203	0.00761	0.07209
10	C	0.00000	0.9176	0.01030	0.0721
11	T	0.00000	0.91018	0.01772	0.0721
12	S	0.00000	0.90809	0.01981	0.0721
13	A	0.00000	0.90092	0.02713	0.07195
14	L	0.00000	0.91151	0.02806	0.06042
15	F	0.00000	0.91153	0.02834	0.06013
16	R	0.00000	0.91144	0.02843	0.06013
17	W	0.00000	0.91045	0.02942	0.06013
18	I	0.00000	0.91032	0.02955	0.06013
19	G	0.00000	0.9103	0.02957	0.06013
20	V	0.00000	0.91033	0.02958	0.06009
21	S	0.00001	0.91032	0.02958	0.06009
22	V	0.00004	0.91032	0.02954	0.06009
23	P	0.00008	0.91032	0.02950	0.06009
24	I	0.00009	0.91032	0.02950	0.06009
25	P	0.00052	0.91032	0.02906	0.06009
26	V	0.00054	0.91032	0.02904	0.06009
27	I	0.00079	0.91032	0.02880	0.06009
28	G	0.00383	0.91033	0.02575	0.06009
29	L	0.00800	0.97005	0.02158	0.00037
30	R	0.02151	0.97041	0.00808	0
31	D	0.02669	0.97041	0.00290	0
32	E	0.02680	0.97041	0.00279	0
33	D	0.02674	0.97041	0.00284	0
34	K	0.02397	0.91391	0.06212	0
35	V	0.00051	0.6765	0.32299	0
36	F	0.00049	0.49121	0.50830	0
37	I	0.00051	0.39504	0.60445	0
38	N	0.00279	0.39333	0.60388	0
39	N	0.00318	0.3569	0.63992	0
40	T	0.00318	0.01402	0.98280	0
41	T	0.00311	0.00632	0.99057	0
42	C	0.00297	0.00632	0.99071	0
43	V	0.00297	0.00632	0.99071	0
44	L	0.00297	0.00632	0.99071	0
45	N	0.00297	0.00632	0.99071	0
46	D	0.00297	0.00632	0.99071	0
47	P	0.00297	0.00569	0.99134	0
48	N	0.00027	0.00403	0.99571	0
49	F	0.00000	4e-05	0.99996	0
50	V	0.00000	0	1.00000	0
51	L	0.00000	0	1.00000	0
52	I	0.00000	0.02566	0.97434	0
53	G	0.00050	0.02626	0.97324	0
54	S	0.00638	0.0264	0.96722	0
55	F	0.00817	0.0264	0.96543	0
56	V	0.02128	0.0264	0.95232	0
57	A	0.05114	0.0264	0.92246	0
58	F	0.06347	0.0264	0.91013	0
59	F	0.15437	0.0264	0.81924	0
60	I	0.57145	0.0264	0.40215	0
61	P	0.96058	0.0264	0.01303	0
62	L	0.95649	0.00334	0.04016	0
63	T	0.94664	0.00024	0.05312	0
64	I	0.76282	7e-05	0.23712	0
65	M	0.38858	0.00011	0.61131	0
66	V	0.19268	0.00109	0.80623	0
67	I	0.02808	0.00112	0.97080	0
68	T	0.03120	0.00185	0.96695	0
69	Y	0.02332	0.00284	0.97384	0
70	C	0.00928	0.00317	0.98755	0
71	L	0.00681	0.00317	0.99002	0
72	T	0.00548	0.00317	0.99135	0
73	I	0.00013	0.00317	0.99670	0
74	H	0.00003	0.00317	0.99680	0
75	V	0.00000	0.00317	0.99683	0
76	L	0.00000	0.00318	0.99682	0
77	R	0.00000	0.00319	0.99681	0
78	R	0.00000	0.00319	0.99681	0
79	Q	0.00000	0.00319	0.99681	0
80	A	0.00027	0.00319	0.99654	0
81	L	0.00307	0.0032	0.99373	0
82	M	0.02638	0.00353	0.97009	0
83	L	0.02640	0.01769	0.95591	0
84	L	0.02640	0.25367	0.71993	0
85	H	0.02640	0.77418	0.19942	0
86	G	0.02640	0.81865	0.15495	0
87	H	0.02640	0.94557	0.02803	0
88	T	0.02640	0.9488	0.02480	0
89	E	0.02640	0.95752	0.01608	0
90	E	0.02640	0.96	0.01360	0
91	P	0.02640	0.96164	0.01196	0
92	P	0.02639	0.9631	0.01051	0
93	G	0.02551	0.97347	0.00103	0
94	I	0.02430	0.96799	0.00772	0
95	S	0.02410	0.95787	0.01803	0
96	L	0.01787	0.86696	0.11518	0
97	D	0.01742	0.86306	0.11952	0
98	F	0.01581	0.8618	0.12240	0
99	L	0.01536	0.86168	0.12296	0
100	K	0.01172	0.8509	0.13737	0
101	C	0.00001	0.84946	0.15053	0
102	C	0.00000	0.84911	0.15089	0
103	K	0.00000	4e-05	0.99996	0
104	R	0.00000	0	1.00000	0
105	N	0.00000	0	1.00000	0
106	T	0.00000	0	1.00000	0
107	D	0.00000	0	1.00000	0
108	E	0.00000	0	1.00000	0
109	E	0.00000	0	1.00000	0
110	N	0.00000	0	1.00000	0
111	S	0.00000	0	1.00000	0
112	A	0.00000	1e-05	0.99999	0
113	N	0.00000	0.00112	0.99888	0
114	P	0.00000	0.00184	0.99816	0
115	N	0.00000	0.00417	0.99583	0
116	Q	0.00000	0.00701	0.99299	0
117	D	0.00000	0.01024	0.98975	0
118	L	0.00000	0.01028	0.98972	0
119	N	0.00000	0.01137	0.98863	0
120	P	0.12413	0.01598	0.85989	0
121	R	0.12413	0.02575	0.85012	0
122	R	0.12416	0.02631	0.84954	0
123	R	0.12416	0.0264	0.84945	0
124	K	0.12417	0.0264	0.84944	0
125	K	0.12420	0.0264	0.84940	0
126	K	0.97342	0.0264	0.00018	0
127	E	0.97360	0.0264	0.00000	0
128	R	0.97360	0.0264	0.00000	0
129	R	0.97360	0.0264	0.00000	0
130	P	0.97360	0.0264	0.00000	0
131	R	0.97360	0.0264	0.00000	0
132	G	0.97360	0.0264	0.00000	0
133	T	0.97360	0.0264	0.00000	0
134	M	0.97360	0.0264	0.00000	0
135	Q	0.97360	0.0264	0.00000	0
136	A	0.97360	0.0264	0.00000	0
137	I	0.97360	0.0264	0.00000	0
138	N	0.97360	0.0264	0.00001	0
139	N	0.97359	0.0264	0.00001	0
140	E	0.97359	0.0264	0.00001	0
141	R	0.97340	0.0264	0.00020	0
142	K	0.96952	0.0264	0.00408	0
143	A	0.85592	0.02415	0.11993	0
144	S	0.84552	0.02413	0.13035	0
145	K	0.82942	0.02382	0.14676	0
146	V	0.02048	0.0127	0.96681	0
147	L	0.00092	0.00668	0.99239	0
148	G	0.00027	0.00255	0.99718	0
149	I	0.00000	0.00018	0.99981	0
150	V	0.00000	4e-05	0.99996	0
151	F	0.00000	2e-05	0.99998	0
152	F	0.00000	0	1.00000	0
153	V	0.00000	0	1.00000	0
154	F	0.00000	0	1.00000	0
155	L	0.00000	0	1.00000	0
156	I	0.00000	0	1.00000	0
157	M	0.00000	0	1.00000	0
158	W	0.00000	0	1.00000	0
159	C	0.00000	1e-05	0.99999	0
160	P	0.00000	1e-05	0.99999	0
161	F	0.00000	1e-05	0.99999	0
162	F	0.00000	0.00015	0.99985	0
163	I	0.00000	0.00281	0.99719	0
164	T	0.00000	0.02273	0.97727	0
165	N	0.00001	0.1215	0.87849	0
166	I	0.00004	0.16046	0.83950	0
167	L	0.00030	0.346	0.65370	0
168	S	0.00152	0.83914	0.15934	0
169	V	0.00171	0.92173	0.07656	0
170	L	0.00316	0.95905	0.03780	0
171	C	0.00965	0.97348	0.01687	0
172	G	0.02280	0.9736	0.00359	0
173	K	0.02619	0.9736	0.00020	0
174	A	0.02633	0.9736	0.00006	0
175	C	0.02636	0.9736	0.00003	0
176	N	0.02640	0.9736	0.00000	0
177	Q	0.02640	0.9736	0.00000	0
178	K	0.02640	0.9736	0.00000	0
179	L	0.02640	0.97358	0.00002	0
180	M	0.02640	0.9722	0.00140	0
181	E	0.02640	0.9721	0.00151	0
182	K	0.02594	0.97015	0.00390	0
183	L	0.01319	0.39683	0.58999	0
184	L	0.01274	0.32072	0.66654	0
185	N	0.01273	0.3188	0.66846	0
186	V	0.00024	0.01759	0.98216	0
187	F	0.00000	0.0017	0.99830	0
188	V	0.00000	0.00017	0.99983	0
189	W	0.00000	1e-05	0.99999	0
190	I	0.00000	0	1.00000	0
191	G	0.00000	0	1.00000	0
192	Y	0.00000	0	1.00000	0
193	V	0.00000	0	1.00000	0
194	C	0.00000	0	1.00000	0
195	S	0.00000	0	1.00000	0
196	G	0.00000	0	1.00000	0
197	I	0.00000	0	1.00000	0
198	N	0.00000	0	1.00000	0
199	P	0.00000	0	1.00000	0
200	L	0.00000	0	1.00000	0
201	V	0.00000	0	1.00000	0
202	Y	0.00000	0	1.00000	0
203	T	0.00001	3e-05	0.99996	0
204	L	0.00005	9e-05	0.99987	0
205	F	0.01742	0.00158	0.98101	0
206	N	0.51812	0.01883	0.46305	0
207	K	0.64288	0.0258	0.33132	0
208	V	0.64493	0.02585	0.32922	0
209	Y	0.67539	0.02608	0.29853	0
210	R	0.95547	0.02638	0.01815	0
211	R	0.97253	0.02639	0.00108	0
212	A	0.97343	0.02639	0.00018	0
213	F	0.97347	0.0264	0.00013	0
214	S	0.97360	0.0264	0.00000	0
215	N	0.97360	0.0264	0.00000	0
216	Y	0.97360	0.0264	0.00000	0
217	L	0.97360	0.0264	0.00000	0
218	R	0.97360	0.0264	0.00000	0
219	C	0.97360	0.0264	0.00000	0
220	N	0.97360	0.0264	0.00000	0
221	Y	0.97360	0.0264	0.00000	0
222	K	0.97360	0.02639	0.00000	0
223	A	0.97360	0.02639	0.00001	0
224	D	0.97360	0.02639	0.00001	0
225	K	0.97357	0.02639	0.00004	0
226	K	0.96457	0.02639	0.00905	0
227	P	0.96455	0.02632	0.00913	0
228	P	0.96119	0.02564	0.01317	0
229	I	0.76060	0.0251	0.21430	0
230	R	0.69897	0.01783	0.28320	0
231	Q	0.66034	0.00343	0.33623	0
232	I	0.44844	4e-05	0.55152	0
233	P	0.41449	3e-05	0.58548	0
234	R	0.04725	3e-05	0.95272	0
235	V	0.03731	3e-05	0.96266	0
236	A	0.00073	3e-05	0.99924	0
237	A	0.00030	3e-05	0.99967	0
238	T	0.00004	3e-05	0.99993	0
239	A	0.00000	3e-05	0.99997	0
240	L	0.00000	3e-05	0.99997	0
241	S	0.00000	3e-05	0.99997	0
242	G	0.00000	3e-05	0.99997	0
243	R	0.00001	3e-05	0.99997	0
244	E	0.00001	4e-05	0.99996	0
245	L	0.00001	5e-05	0.99995	0
246	N	0.00001	0.00067	0.99932	0
247	V	0.00001	0.00136	0.99864	0
248	N	0.00001	0.0617	0.93829	0
249	I	0.00001	0.06526	0.93474	0
250	Y	0.00430	0.11215	0.88354	0
251	R	0.02637	0.32452	0.64911	0
252	H	0.02637	0.37284	0.60079	0
253	T	0.02637	0.47835	0.49528	0
254	N	0.02637	0.77527	0.19836	0
255	E	0.02637	0.96543	0.00820	0
256	P	0.02637	0.97229	0.00134	0
257	V	0.02637	0.97256	0.00107	0
258	I	0.02637	0.97269	0.00094	0
259	K	0.02637	0.97361	0.00002	0
260	K	0.02637	0.97363	0.00000	0
261	A	0.02637	0.97358	0.00005	0
262	D	0.02637	0.97355	0.00008	0
263	D	0.02637	0.97345	0.00018	0
264	Q	0.02637	0.97033	0.00330	0
265	E	0.02637	0.89693	0.07670	0
266	A	0.02637	0.46012	0.51351	0
267	G	0.02637	0.37114	0.60249	0
268	I	0.02637	0.01408	0.95955	0
269	E	0.02637	1e-05	0.97362	0
270	M	0.02637	0	0.97363	0
271	Q	0.02637	0	0.97363	0
272	M	0.02637	0	0.97363	0
273	E	0.02637	0	0.97363	0
274	N	0.02637	0	0.97363	0
275	L	0.02637	0	0.97363	0
276	E	0.02637	0	0.97363	0
277	V	0.02637	0	0.97363	0
278	P	0.02637	0	0.97363	0
279	V	0.02637	0	0.97363	0
280	N	0.02637	0	0.97363	0
281	P	0.02637	0	0.97363	0
282	S	0.02639	0	0.97361	0
283	N	0.02641	0	0.97359	0
284	V	0.02662	0	0.97338	0
285	V	0.02982	0	0.97018	0
286	S	0.15320	0	0.84680	0
287	E	0.99999	0	0.00001	0
288	R	1.00000	0	0.00000	0
289	I	1.00000	0	0.00000	0
290	S	1.00000	0	0.00000	0
291	S	1.00000	0	0.00000	0
292	V	1.00000	0	0.00000	0
