# UNNAMED
#pos	aa	i	o	M	S
1	M	0.00000	0.99981	0.00000	0.00019
2	K	0.00000	0.99981	0.00000	0.00018
3	G	0.00000	0.99981	0.00000	0.00018
4	V	0.00000	0.89347	0.10634	0.00019
5	I	0.00000	0.89232	0.10749	0.00018
6	S	0.00000	0.89159	0.10822	0.00019
7	I	0.00000	0.88206	0.11775	0.00019
8	P	0.00000	0.87341	0.12640	0.00019
9	L	0.00000	0.79827	0.20154	0.00019
10	Y	0.00000	0.75223	0.24759	0.00018
11	I	0.00000	0.74688	0.25293	0.00019
12	P	0.00000	0.7464	0.25341	0.00018
13	Q	0.00000	0.7464	0.25341	0.00018
14	V	0.00000	0.74642	0.25341	0.00016
15	L	0.00000	0.74642	0.25341	0.00016
16	F	0.00000	0.74642	0.25341	0.00016
17	D	0.00000	0.74655	0.25341	4e-05
18	W	0.00000	0.74646	0.25351	2e-05
19	K	0.00000	0.74646	0.25352	2e-05
20	L	0.00000	0.74646	0.25352	2e-05
21	K	0.03940	0.74648	0.21412	0
22	N	0.08623	0.74648	0.16729	0
23	E	0.10746	0.74645	0.14609	0
24	I	0.10748	0.64022	0.25230	0
25	C	0.10698	0.62634	0.26668	0
26	A	0.09653	0.36615	0.53732	0
27	F	0.03596	0.00382	0.96021	0
28	W	0.03145	0.00382	0.96473	0
29	L	0.00719	0.00381	0.98900	0
30	I	0.01274	0.00381	0.98345	0
31	T	0.12054	0.00381	0.87565	0
32	D	0.14695	0.00381	0.84924	0
33	Y	0.14589	0.00049	0.85362	0
34	L	0.14579	0.0003	0.85391	0
35	L	0.14577	0.00029	0.85393	0
36	C	0.14577	0.00029	0.85394	0
37	T	0.14581	8e-05	0.85411	0
38	A	0.14356	7e-05	0.85637	0
39	S	0.11783	6e-05	0.88211	0
40	V	0.05516	3e-05	0.94481	0
41	Y	0.01936	3e-05	0.98062	0
42	N	0.00126	2e-05	0.99871	0
43	I	0.00010	2e-05	0.99988	0
44	V	0.00001	0	0.99999	0
45	L	0.00013	0.00025	0.99962	0
46	I	0.00185	0.00396	0.99420	0
47	S	0.00609	0.04132	0.95259	0
48	Y	0.05196	0.08423	0.86381	0
49	D	0.67730	0.10365	0.21905	0
50	R	0.71330	0.10503	0.18167	0
51	Y	0.71850	0.10552	0.17598	0
52	Q	0.74012	0.10565	0.15423	0
53	S	0.74554	0.10595	0.14850	0
54	V	0.74522	0.106	0.14878	0
55	L	0.74555	0.10657	0.14789	0
56	N	0.74551	0.1078	0.14668	0
57	A	0.74549	0.10814	0.14637	0
58	V	0.74549	0.1089	0.14561	0
59	S	0.74554	0.16233	0.09213	0
60	Y	0.74481	0.1844	0.07079	0
61	R	0.74478	0.20672	0.04850	0
62	A	0.74197	0.21648	0.04155	0
63	Q	0.72559	0.23306	0.04135	0
64	H	0.66054	0.20836	0.13111	0
65	T	0.58385	0.19548	0.22067	0
66	G	0.06968	0.16195	0.76837	0
67	I	0.00043	0.15458	0.84499	0
68	L	0.00015	0.15444	0.84541	0
69	K	0.00015	0.15435	0.84550	0
70	I	0.00015	0.14595	0.85390	0
71	A	0.00015	0.14192	0.85793	0
72	T	0.00015	0.1393	0.86056	0
73	P	0.00015	0.11966	0.88020	0
74	M	0.00000	0.03268	0.96732	0
75	L	0.00000	0.00221	0.99779	0
76	A	0.00000	0.00018	0.99982	0
77	V	0.00000	0.00024	0.99976	0
78	W	0.00000	0.0008	0.99920	0
79	V	0.00000	0.0008	0.99920	0
80	L	0.00000	0.0008	0.99920	0
81	A	0.00001	0.00086	0.99913	0
82	F	0.00002	0.00128	0.99870	0
83	L	0.00004	0.005	0.99495	0
84	V	0.00039	0.00745	0.99216	0
85	N	0.00401	0.01808	0.97791	0
86	G	0.01205	0.02053	0.96742	0
87	P	0.09847	0.02574	0.87579	0
88	M	0.09847	0.03291	0.86861	0
89	I	0.09847	0.07675	0.82478	0
90	L	0.09847	0.1628	0.73873	0
91	V	0.09847	0.51751	0.38402	0
92	S	0.09847	0.74646	0.15507	0
93	Q	0.10301	0.74648	0.15051	0
94	S	0.12948	0.74648	0.12404	0
95	W	0.15642	0.74648	0.09710	0
96	P	0.25352	0.74648	0.00000	0
97	K	0.25352	0.74648	0.00000	0
98	G	0.25351	0.74648	0.00001	0
99	V	0.25350	0.74648	0.00001	0
100	N	0.25350	0.74648	0.00001	0
101	K	0.25350	0.74644	0.00006	0
102	C	0.25344	0.73962	0.00694	0
103	Q	0.25344	0.70134	0.04522	0
104	P	0.25341	0.66915	0.07744	0
105	G	0.25063	0.43361	0.31576	0
106	F	0.23961	0.3357	0.42469	0
107	L	0.23080	0.18773	0.58147	0
108	L	0.05916	0.05759	0.88325	0
109	I	0.05011	0.01731	0.93259	0
110	W	0.04537	0.01128	0.94335	0
111	Y	0.03154	0.00118	0.96728	0
112	I	0.01950	0.00042	0.98008	0
113	P	0.01877	0.00041	0.98083	0
114	L	0.00356	0.00011	0.99632	0
115	I	0.00033	0	0.99967	0
116	T	0.00019	0	0.99981	0
117	S	0.00010	0	0.99990	0
118	F	0.00000	0	0.99999	0
119	F	0.00000	0	1.00000	0
120	E	0.00000	1e-05	0.99999	0
121	F	0.00000	1e-05	0.99999	0
122	L	0.00006	1e-05	0.99993	0
123	I	0.00443	3e-05	0.99554	0
124	P	0.20610	8e-05	0.79382	0
125	V	0.20611	0.00012	0.79377	0
126	I	0.20611	0.00033	0.79356	0
127	L	0.20612	0.00136	0.79253	0
128	V	0.20614	0.0067	0.78717	0
129	A	0.20614	0.02499	0.76887	0
130	Y	0.32048	0.09804	0.58148	0
131	F	0.57285	0.14174	0.28541	0
132	N	0.74208	0.21818	0.03974	0
133	M	0.74436	0.22182	0.03382	0
134	H	0.74463	0.2395	0.01586	0
135	I	0.74622	0.24431	0.00947	0
136	Y	0.74625	0.24898	0.00477	0
137	W	0.74625	0.25199	0.00176	0
138	S	0.74219	0.25333	0.00449	0
139	I	0.73842	0.25348	0.00809	0
140	W	0.73632	0.25351	0.01017	0
141	K	0.73525	0.25352	0.01124	0
142	R	0.73383	0.25352	0.01265	0
143	S	0.69577	0.25352	0.05071	0
144	K	0.66496	0.25352	0.08152	0
145	L	0.08005	0.253	0.66696	0
146	N	0.04421	0.25281	0.70298	0
147	R	0.01830	0.24773	0.73397	0
148	C	0.00922	0.2139	0.77688	0
149	Q	0.00917	0.21162	0.77921	0
150	S	0.00815	0.17954	0.81231	0
151	S	0.00391	0.08851	0.90758	0
152	P	0.00275	0.08719	0.91006	0
153	G	0.00210	0.08397	0.91393	0
154	L	0.00008	0.07828	0.92164	0
155	A	0.00002	0.0778	0.92218	0
156	S	0.00001	0.07512	0.92487	0
157	V	0.00000	0.07513	0.92487	0
158	S	0.00000	0.07596	0.92404	0
159	S	0.00000	0.07966	0.92034	0
160	S	0.00000	0.08378	0.91622	0
161	D	0.00000	0.09589	0.90411	0
162	C	0.00000	0.10084	0.89916	0
163	G	0.00000	0.11085	0.88915	0
164	H	0.00000	0.15383	0.84617	0
165	S	0.00000	0.32051	0.67949	0
166	C	0.00000	0.62353	0.37647	0
167	R	0.00004	0.75307	0.24688	0
168	C	0.00006	0.80115	0.19879	0
169	G	0.00059	0.80914	0.19027	0
170	L	0.00066	0.80925	0.19009	0
171	F	0.00353	0.80957	0.18690	0
172	P	0.16456	0.81913	0.01631	0
173	R	0.16546	0.81933	0.01521	0
174	T	0.16571	0.81968	0.01461	0
175	S	0.16631	0.82053	0.01316	0
176	L	0.16666	0.82087	0.01247	0
177	P	0.17072	0.82146	0.00781	0
178	A	0.17818	0.82157	0.00025	0
179	P	0.17836	0.82157	0.00006	0
180	K	0.17839	0.82158	0.00003	0
181	E	0.17840	0.82158	0.00003	0
182	R	0.17840	0.82158	0.00003	0
183	A	0.17840	0.82158	0.00003	0
184	T	0.17840	0.82158	0.00003	0
185	S	0.17842	0.82158	0.00001	0
186	L	0.17842	0.82158	0.00001	0
187	H	0.17842	0.82158	0.00000	0
188	S	0.17842	0.82158	0.00000	0
189	E	0.17842	0.82157	0.00000	0
190	R	0.17842	0.82157	0.00001	0
191	Q	0.17842	0.82156	0.00001	0
192	G	0.17842	0.82156	0.00001	0
193	R	0.17842	0.82156	0.00001	0
194	K	0.17842	0.82155	0.00002	0
195	N	0.17842	0.80726	0.01431	0
196	S	0.17842	0.80649	0.01509	0
197	L	0.17842	0.0094	0.81217	0
198	L	0.17842	0.00169	0.81988	0
199	L	0.17842	0.00116	0.82042	0
200	S	0.17842	0.00115	0.82043	0
201	L	0.17842	0.00074	0.82084	0
202	R	0.17842	0.00068	0.82090	0
203	M	0.17842	1e-05	0.82156	0
204	Q	0.17842	1e-05	0.82157	0
205	L	0.17842	1e-05	0.82157	0
206	N	0.17842	1e-05	0.82157	0
207	N	0.17842	1e-05	0.82157	0
208	N	0.17842	0	0.82158	0
209	V	0.17842	0	0.82158	0
210	I	0.17842	0	0.82158	0
211	A	0.17843	0	0.82157	0
212	S	0.17843	0	0.82157	0
213	K	0.17843	0	0.82157	0
214	M	0.17844	0	0.82156	0
215	G	0.17846	0	0.82154	0
216	S	0.17874	0	0.82126	0
217	L	0.18045	0	0.81955	0
218	T	0.60822	0	0.39178	0
219	H	0.71760	0	0.28240	0
220	S	0.87703	0	0.12297	0
221	D	0.98893	0	0.01107	0
222	S	0.99467	0	0.00533	0
223	I	0.99539	0	0.00461	0
224	A	0.99888	0	0.00112	0
225	L	0.99897	0	0.00103	0
226	H	0.99974	0	0.00026	0
227	Q	0.99998	0	0.00002	0
228	R	1.00000	0	0.00000	0
229	E	1.00000	0	0.00000	0
230	H	1.00000	0	0.00000	0
231	L	1.00000	0	0.00000	0
232	E	1.00000	0	0.00000	0
233	L	1.00000	0	0.00000	0
234	F	1.00000	0	0.00000	0
235	R	1.00000	0	0.00000	0
236	A	0.99971	0	0.00029	0
237	R	0.98785	0	0.01215	0
238	K	0.98762	0	0.01238	0
239	L	0.95451	0	0.04549	0
240	A	0.95320	0	0.04680	0
241	K	0.95273	0	0.04727	0
242	S	0.95133	0	0.04867	0
243	L	0.02640	0	0.97360	0
244	A	0.00072	0	0.99928	0
245	I	0.00019	0	0.99981	0
246	L	0.00001	0	0.99999	0
247	L	0.00000	0	1.00000	0
248	S	0.00000	0	1.00000	0
249	V	0.00000	0	1.00000	0
250	F	0.00000	0	1.00000	0
251	A	0.00000	0	1.00000	0
252	I	0.00000	0	1.00000	0
253	C	0.00000	0	1.00000	0
254	W	0.00000	0	1.00000	0
255	A	0.00000	0	1.00000	0
256	P	0.00000	0	1.00000	0
257	H	0.00000	1e-05	0.99999	0
258	S	0.00000	2e-05	0.99998	0
259	L	0.00000	0.00012	0.99988	0
260	F	0.00000	0.00109	0.99891	0
261	T	0.00000	0.00592	0.99408	0
262	I	0.00000	0.0136	0.98640	0
263	V	0.00000	0.01742	0.98258	0
264	L	0.00000	0.0547	0.94530	0
265	S	0.00000	0.40663	0.59337	0
266	T	0.00000	0.64565	0.35435	0
267	Y	0.00000	0.8072	0.19280	0
268	E	0.00000	0.99394	0.00606	0
269	P	0.00000	0.99902	0.00098	0
270	E	0.00000	0.99998	0.00002	0
271	N	0.00000	1	0.00000	0
272	R	0.00000	1	0.00000	0
273	P	0.00000	1	0.00000	0
274	E	0.00000	1	0.00000	0
275	S	0.00000	0.99998	0.00002	0
276	H	0.00000	0.99928	0.00072	0
277	W	0.00000	0.99717	0.00283	0
278	Y	0.00000	0.99621	0.00379	0
279	E	0.00000	0.8418	0.15820	0
280	V	0.00000	0.37402	0.62598	0
281	A	0.00000	0.33221	0.66779	0
282	F	0.00000	0.00176	0.99824	0
283	W	0.00000	0	1.00000	0
284	L	0.00000	0	1.00000	0
285	Q	0.00000	0	1.00000	0
286	W	0.00000	0	1.00000	0
287	F	0.00000	0	1.00000	0
288	N	0.00000	0	1.00000	0
289	S	0.00000	0	1.00000	0
290	F	0.00000	0	1.00000	0
291	V	0.00000	0	1.00000	0
292	N	0.00000	0	1.00000	0
293	P	0.00000	0	1.00000	0
294	F	0.00000	0	1.00000	0
295	L	0.00000	0	1.00000	0
296	Y	0.00000	0	1.00000	0
297	P	0.00001	0	0.99999	0
298	L	0.00029	0	0.99971	0
299	C	0.01968	0	0.98032	0
300	H	0.16575	0	0.83425	0
301	K	1.00000	0	0.00000	0
302	S	1.00000	0	0.00000	0
303	F	1.00000	0	0.00000	0
304	Q	1.00000	0	0.00000	0
305	K	1.00000	0	0.00000	0
306	A	1.00000	0	0.00000	0
307	I	1.00000	0	0.00000	0
308	S	1.00000	0	0.00000	0
309	K	1.00000	0	0.00000	0
310	I	1.00000	0	0.00000	0
311	F	1.00000	0	0.00000	0
312	C	1.00000	0	0.00000	0
313	I	1.00000	0	0.00000	0
314	K	1.00000	0	0.00000	0
315	K	1.00000	0	0.00000	0
316	Q	1.00000	0	0.00000	0
317	P	1.00000	0	0.00000	0
318	I	1.00000	0	0.00000	0
319	P	1.00000	0	0.00000	0
320	S	1.00000	0	0.00000	0
321	H	1.00000	0	0.00000	0
322	H	1.00000	0	0.00000	0
323	R	1.00000	0	0.00000	0
324	S	1.00000	0	0.00000	0
325	I	1.00000	0	0.00000	0
326	S	1.00000	0	0.00000	0
327	S	1.00000	0	0.00000	0
