# UNNAMED
#pos	aa	i	o	M	S
1	M	0.00000	0.99996	0.00000	4e-05
2	K	0.00000	0.99996	0.00000	4e-05
3	S	0.00000	0.99996	0.00000	3e-05
4	R	0.00000	0.99996	0.00000	3e-05
5	Y	0.00000	0.99996	0.00000	4e-05
6	Y	0.00000	0.99996	0.00000	3e-05
7	A	0.00000	0.99996	0.00000	3e-05
8	I	0.00000	0.99996	0.00000	4e-05
9	C	0.00000	0.99996	0.00000	4e-05
10	C	0.00000	0.99996	0.00000	4e-05
11	Q	0.00000	0.99996	0.00000	4e-05
12	P	0.00000	0.99993	0.00004	3e-05
13	L	0.00000	0.99992	0.00004	3e-05
14	V	0.00000	0.99989	0.00008	3e-05
15	Y	0.00000	0.99988	0.00008	3e-05
16	R	0.00000	0.99988	0.00008	3e-05
17	N	0.00000	0.99982	0.00015	3e-05
18	K	0.00000	0.99932	0.00065	3e-05
19	M	0.00000	0.94983	0.05014	3e-05
20	T	0.00000	0.79023	0.20974	3e-05
21	P	0.00000	0.74509	0.25488	3e-05
22	L	0.00000	0.71391	0.28606	3e-05
23	R	0.00000	0.71203	0.28798	0
24	I	0.00000	0.70897	0.29103	0
25	A	0.00000	0.70896	0.29104	0
26	L	0.00000	0.70896	0.29104	0
27	M	0.00000	0.70896	0.29104	0
28	L	0.00000	0.70874	0.29126	0
29	G	0.00000	0.70846	0.29154	0
30	G	0.00000	0.70645	0.29355	0
31	C	0.00000	0.68035	0.31965	0
32	W	0.00000	0.49341	0.50659	0
33	V	0.00000	0.39331	0.60669	0
34	I	0.00000	0.29164	0.70836	0
35	P	0.00007	0.28404	0.71589	0
36	M	0.00010	0.23609	0.76381	0
37	F	0.00148	0.13045	0.86806	0
38	I	0.00375	0.04012	0.95613	0
39	S	0.07464	0.023	0.90236	0
40	F	0.08753	0.00815	0.90433	0
41	L	0.21079	0.00564	0.78357	0
42	P	0.29036	0.0055	0.70414	0
43	I	0.29046	1e-05	0.70952	0
44	M	0.28988	0	0.71012	0
45	Q	0.28358	0	0.71642	0
46	G	0.14942	0	0.85058	0
47	W	0.03251	0	0.96749	0
48	N	0.00113	0	0.99887	0
49	N	0.00003	0	0.99997	0
50	I	0.00001	0	0.99999	0
51	G	0.00001	0	0.99999	0
52	I	0.00006	0	0.99994	0
53	I	0.00013	0	0.99987	0
54	D	0.01046	0	0.98953	0
55	L	0.01388	0	0.98611	0
56	E	0.07809	0	0.92191	0
57	R	0.15402	0	0.84598	0
58	I	0.16524	0	0.83476	0
59	S	0.41964	0	0.58036	0
60	K	0.67399	0	0.32601	0
61	P	0.69488	0	0.30512	0
62	R	0.70750	3e-05	0.29248	0
63	L	0.70758	8e-05	0.29234	0
64	G	0.70799	0.00366	0.28835	0
65	Q	0.70887	0.23437	0.05676	0
66	D	0.70719	0.29045	0.00236	0
67	L	0.69942	0.29048	0.01010	0
68	H	0.69263	0.2909	0.01647	0
69	V	0.69246	0.29092	0.01662	0
70	I	0.69212	0.29096	0.01691	0
71	E	0.69211	0.29099	0.01689	0
72	K	0.69197	0.291	0.01703	0
73	R	0.68957	0.291	0.01943	0
74	K	0.36177	0.29101	0.34723	0
75	F	0.01834	0.29089	0.69077	0
76	N	0.00007	0.29089	0.70904	0
77	Q	0.00000	0.29087	0.70913	0
78	N	0.00000	0.29085	0.70915	0
79	S	0.00000	0.28839	0.71161	0
80	N	0.00000	0.28808	0.71192	0
81	S	0.00000	0.24015	0.75985	0
82	T	0.00000	0.09257	0.90743	0
83	Y	0.00000	0.03246	0.96754	0
84	C	0.00000	0.01695	0.98305	0
85	I	0.00000	0.01645	0.98355	0
86	F	0.00000	0.01634	0.98366	0
87	M	0.00000	0.01632	0.98368	0
88	V	0.00000	0.01639	0.98361	0
89	N	0.00000	0.01672	0.98328	0
90	K	0.00000	0.02788	0.97212	0
91	P	0.00000	0.02391	0.97609	0
92	Y	0.00000	0.02238	0.97762	0
93	A	0.00000	0.02905	0.97095	0
94	I	0.00000	0.05908	0.94092	0
95	T	0.00000	0.69161	0.30839	0
96	C	0.00000	0.71197	0.28803	0
97	S	0.00010	0.71196	0.28794	0
98	V	0.00016	0.71195	0.28788	0
99	V	0.00161	0.71195	0.28644	0
100	A	0.00185	0.71195	0.28620	0
101	F	0.00256	0.71194	0.28550	0
102	Y	0.03871	0.71194	0.24935	0
103	I	0.22116	0.71193	0.06691	0
104	P	0.27356	0.71193	0.01451	0
105	F	0.27356	0.70968	0.01676	0
106	L	0.27356	0.70841	0.01803	0
107	L	0.27357	0.70791	0.01853	0
108	M	0.27357	0.70686	0.01957	0
109	V	0.27356	0.70559	0.02084	0
110	L	0.27443	0.43281	0.29276	0
111	A	0.27587	0.32995	0.39418	0
112	Y	0.27642	0.16965	0.55393	0
113	Y	0.27760	0.01954	0.70286	0
114	R	0.28167	0.00225	0.71608	0
115	I	0.18994	8e-05	0.80998	0
116	Y	0.05076	5e-05	0.94919	0
117	V	0.03768	5e-05	0.96228	0
118	T	0.03548	5e-05	0.96448	0
119	A	0.03466	5e-05	0.96529	0
120	K	0.03409	5e-05	0.96586	0
121	E	0.03119	5e-05	0.96876	0
122	H	0.02063	5e-05	0.97932	0
123	A	0.01331	5e-05	0.98665	0
124	H	0.01169	5e-05	0.98826	0
125	Q	0.00945	5e-05	0.99050	0
126	I	0.00866	5e-05	0.99129	0
127	Q	0.00827	2e-05	0.99172	0
128	M	0.00117	0	0.99883	0
129	L	0.00067	1e-05	0.99932	0
130	Q	0.03216	8e-05	0.96776	0
131	R	0.05241	0.00014	0.94745	0
132	A	0.40926	0.00018	0.59056	0
133	G	0.41761	0.00053	0.58186	0
134	A	0.49685	0.00341	0.49974	0
135	P	0.71191	0.12579	0.16230	0
136	S	0.71191	0.24434	0.04374	0
137	E	0.71191	0.2517	0.03639	0
138	G	0.71191	0.25221	0.03587	0
139	R	0.71191	0.25364	0.03445	0
140	P	0.71191	0.25407	0.03402	0
141	Q	0.71191	0.25737	0.03072	0
142	P	0.71191	0.26165	0.02644	0
143	A	0.71191	0.26375	0.02434	0
144	D	0.71191	0.27935	0.00874	0
145	Q	0.71191	0.27936	0.00872	0
146	H	0.71191	0.2796	0.00849	0
147	S	0.71191	0.28083	0.00726	0
148	T	0.71194	0.28645	0.00161	0
149	H	0.71196	0.28801	0.00003	0
150	R	0.71196	0.28804	0.00000	0
151	M	0.71196	0.28803	0.00001	0
152	R	0.71189	0.28803	0.00008	0
153	T	0.70905	0.28803	0.00291	0
154	E	0.70348	0.28702	0.00950	0
155	T	0.30151	0.28674	0.41175	0
156	K	0.23709	0.28663	0.47627	0
157	A	0.00401	0.15438	0.84161	0
158	A	0.00049	0.15345	0.84606	0
159	K	0.00041	0.15325	0.84635	0
160	T	0.00005	0.08378	0.91617	0
161	L	0.00000	0.00067	0.99933	0
162	C	0.00000	0.00011	0.99989	0
163	I	0.00000	4e-05	0.99996	0
164	I	0.00000	0	1.00000	0
165	M	0.00000	0	1.00000	0
166	G	0.00000	0	1.00000	0
167	C	0.00000	0	1.00000	0
168	F	0.00000	0	1.00000	0
169	C	0.00000	0	1.00000	0
170	L	0.00000	0	1.00000	0
171	C	0.00000	0	1.00000	0
172	W	0.00000	0	1.00000	0
173	A	0.00000	2e-05	0.99998	0
174	P	0.00000	0.00011	0.99989	0
175	F	0.00000	0.00099	0.99901	0
176	F	0.00000	0.00827	0.99172	0
177	V	0.00009	0.27414	0.72577	0
178	T	0.00095	0.65333	0.34572	0
179	N	0.00195	0.70674	0.29130	0
180	I	0.00640	0.71005	0.28355	0
181	V	0.04028	0.71156	0.24815	0
182	D	0.25584	0.71196	0.03220	0
183	P	0.26310	0.71196	0.02494	0
184	F	0.26427	0.71196	0.02377	0
185	I	0.27378	0.71196	0.01426	0
186	D	0.28799	0.71196	0.00005	0
187	Y	0.28803	0.71196	0.00001	0
188	T	0.28803	0.71196	0.00001	0
189	V	0.28803	0.7116	0.00037	0
190	P	0.28802	0.71013	0.00185	0
191	G	0.28106	0.69507	0.02386	0
192	Q	0.27156	0.6389	0.08953	0
193	V	0.24182	0.44678	0.31141	0
194	W	0.11714	0.14223	0.74063	0
195	T	0.11628	0.13264	0.75108	0
196	A	0.00467	0.00276	0.99257	0
197	F	0.00000	0.00019	0.99981	0
198	L	0.00000	0.00014	0.99986	0
199	W	0.00000	4e-05	0.99996	0
200	L	0.00000	1e-05	0.99999	0
201	G	0.00000	0	1.00000	0
202	Y	0.00000	0	1.00000	0
203	I	0.00000	0	1.00000	0
204	N	0.00000	0	1.00000	0
205	S	0.00000	0	1.00000	0
206	G	0.00000	0	1.00000	0
207	L	0.00000	0	1.00000	0
208	N	0.00000	0	1.00000	0
209	P	0.00000	0	1.00000	0
210	F	0.00000	0	1.00000	0
211	L	0.00000	0	1.00000	0
212	Y	0.00000	2e-05	0.99998	0
213	A	0.00001	8e-05	0.99991	0
214	F	0.00006	0.00061	0.99933	0
215	L	0.02563	0.01759	0.95678	0
216	N	0.46119	0.21934	0.31947	0
217	K	0.66228	0.28588	0.05184	0
218	S	0.66842	0.28638	0.04519	0
219	F	0.67119	0.28664	0.04217	0
220	R	0.70976	0.28793	0.00231	0
221	R	0.71174	0.288	0.00027	0
222	A	0.71183	0.288	0.00017	0
223	F	0.71184	0.288	0.00016	0
224	L	0.71188	0.28801	0.00011	0
225	I	0.71196	0.28804	0.00000	0
226	I	0.71196	0.28804	0.00000	0
227	L	0.71196	0.28804	0.00000	0
228	C	0.71196	0.28804	0.00000	0
229	C	0.71196	0.28804	0.00000	0
230	D	0.71196	0.28804	0.00000	0
231	D	0.71196	0.28803	0.00001	0
232	E	0.71196	0.26725	0.02079	0
233	R	0.71175	0.25909	0.02916	0
234	Y	0.71174	0.25582	0.03244	0
235	R	0.71173	0.24915	0.03913	0
236	R	0.69898	0.2067	0.09432	0
237	P	0.54472	0.19357	0.26171	0
238	S	0.27935	0.13407	0.58658	0
239	I	0.00161	0.00922	0.98917	0
240	L	0.00000	1e-05	0.99999	0
241	G	0.00000	0	1.00000	0
242	Q	0.00000	0	1.00000	0
243	T	0.00000	0	1.00000	0
244	V	0.00000	0	1.00000	0
245	P	0.00000	0	1.00000	0
246	C	0.00000	0	1.00000	0
247	S	0.00000	0	1.00000	0
248	T	0.00000	0	1.00000	0
249	T	0.00000	0	1.00000	0
250	T	0.00000	0	1.00000	0
251	I	0.00002	0	0.99998	0
252	N	0.00028	1e-05	0.99971	0
253	G	0.00104	2e-05	0.99893	0
254	S	0.01733	4e-05	0.98263	0
255	T	0.02454	8e-05	0.97539	0
256	H	0.02812	0.00033	0.97155	0
257	V	0.02932	0.00132	0.96936	0
258	L	0.08990	0.01563	0.89447	0
259	R	0.28803	0.59478	0.11719	0
260	D	0.28803	0.71102	0.00095	0
261	A	0.28803	0.70587	0.00610	0
262	V	0.28803	0.70535	0.00661	0
263	E	0.28803	0.70545	0.00652	0
264	C	0.28803	0.6724	0.03956	0
265	G	0.28803	0.40855	0.30341	0
266	G	0.28803	0.27947	0.43249	0
267	Q	0.28803	0.03241	0.67956	0
268	W	0.28803	0.00059	0.71138	0
269	E	0.28803	0	0.71196	0
270	S	0.28803	0	0.71197	0
271	H	0.28803	0	0.71197	0
272	C	0.28803	0	0.71197	0
273	H	0.28803	0	0.71197	0
274	P	0.28803	0	0.71197	0
275	P	0.28803	0	0.71197	0
276	A	0.28803	0	0.71197	0
277	T	0.28803	0	0.71197	0
278	S	0.28803	0	0.71197	0
279	S	0.28803	0	0.71197	0
280	L	0.28804	0	0.71196	0
281	M	0.28816	0	0.71184	0
282	A	0.28997	0	0.71003	0
283	A	0.29346	0	0.70654	0
284	Q	0.36792	0	0.63208	0
285	P	0.45059	0	0.54941	0
286	S	0.68842	0	0.31158	0
287	D	0.90733	0	0.09267	0
288	R	1.00000	0	0.00000	0
