# UNNAMED
#pos	aa	i	o	M	S
1	M	0.00000	0.83398	0.00000	0.16602
2	C	0.00000	0.83398	0.00000	0.16602
3	S	0.00000	0.83398	0.00000	0.16602
4	S	0.00000	0.83398	0.00000	0.16602
5	P	0.00000	0.83398	0.00000	0.16602
6	P	0.00000	0.83398	0.00000	0.16602
7	P	0.00000	0.83398	0.00000	0.16602
8	P	0.00000	0.83398	0.00000	0.16602
9	S	0.00000	0.83398	0.00000	0.16602
10	C	0.00000	0.83392	0.00006	0.16602
11	T	0.00000	0.83267	0.00131	0.16602
12	C	0.00000	0.83159	0.00240	0.16602
13	V	0.00000	0.82391	0.01007	0.16603
14	Q	0.00000	0.81847	0.01551	0.16602
15	F	0.00000	0.79707	0.03691	0.16602
16	L	0.00000	0.79471	0.03927	0.16603
17	L	0.00000	0.73806	0.09592	0.16602
18	T	0.00000	0.67715	0.15684	0.16602
19	A	0.00000	0.6396	0.19441	0.16598
20	M	0.00000	0.62105	0.21296	0.16598
21	W	0.00000	0.55369	0.28032	0.16598
22	P	0.00000	0.51914	0.31488	0.16598
23	F	0.00000	0.49672	0.33730	0.16598
24	V	0.00000	0.49672	0.33730	0.16599
25	T	0.00000	0.49672	0.33730	0.16598
26	P	0.00000	0.49672	0.33730	0.16598
27	S	0.00000	0.49677	0.33730	0.16593
28	D	0.00000	0.52662	0.33730	0.13608
29	T	0.00000	0.52661	0.33730	0.13608
30	I	0.00000	0.57128	0.33731	0.09141
31	G	0.00000	0.57128	0.33731	0.09141
32	Q	0.00000	0.65971	0.33730	0.00298
33	I	0.00000	0.66269	0.33730	0
34	P	0.00085	0.66269	0.33646	0
35	A	0.00227	0.66269	0.33504	0
36	P	0.02433	0.66269	0.31298	0
37	E	0.07521	0.66269	0.26210	0
38	P	0.13418	0.66269	0.20312	0
39	G	0.14477	0.66269	0.19253	0
40	P	0.19543	0.66269	0.14188	0
41	R	0.20563	0.66269	0.13168	0
42	L	0.20841	0.66269	0.12890	0
43	R	0.32065	0.66269	0.01665	0
44	Q	0.33495	0.66269	0.00236	0
45	S	0.33681	0.66269	0.00049	0
46	G	0.33729	0.66269	0.00001	0
47	P	0.33730	0.66269	0.00000	0
48	S	0.33719	0.66269	0.00011	0
49	L	0.33667	0.66269	0.00064	0
50	Q	0.33658	0.66269	0.00072	0
51	K	0.33656	0.66269	0.00074	0
52	P	0.33654	0.66269	0.00076	0
53	F	0.06140	0.66269	0.27590	0
54	Q	0.04987	0.66269	0.28744	0
55	S	0.00051	0.66269	0.33679	0
56	D	0.00027	0.66269	0.33704	0
57	E	0.00018	0.66269	0.33712	0
58	H	0.00005	0.66269	0.33726	0
59	H	0.00000	0.66269	0.33730	0
60	D	0.00000	0.66269	0.33730	0
61	K	0.00000	0.66269	0.33731	0
62	G	0.00000	0.66269	0.33731	0
63	I	0.00000	0.66269	0.33731	0
64	S	0.00000	0.66269	0.33731	0
65	M	0.00000	0.66269	0.33731	0
66	P	0.00000	0.66269	0.33731	0
67	I	0.00000	0.66269	0.33731	0
68	P	0.00000	0.6627	0.33730	0
69	V	0.00000	0.66271	0.33729	0
70	L	0.00000	0.66367	0.33633	0
71	G	0.00000	0.92246	0.07754	0
72	L	0.00000	0.92546	0.07454	0
73	R	0.00000	0.99958	0.00042	0
74	D	0.00000	0.9997	0.00030	0
75	H	0.00000	0.99956	0.00044	0
76	T	0.00000	0.99668	0.00332	0
77	K	0.00000	0.99668	0.00332	0
78	V	0.00000	0.99668	0.00332	0
79	F	0.00000	0.99668	0.00332	0
80	K	0.00000	0.9968	0.00320	0
81	D	0.00000	0.99693	0.00307	0
82	G	0.00000	0.74519	0.25480	0
83	S	0.00000	0.39571	0.60429	0
84	C	0.00000	0.3957	0.60430	0
85	L	0.00000	0.3957	0.60430	0
86	L	0.00000	0.3957	0.60430	0
87	T	0.00000	0.3957	0.60430	0
88	D	0.00000	0.39568	0.60432	0
89	N	0.00000	0.39327	0.60673	0
90	S	0.00000	0.30761	0.69239	0
91	F	0.00000	0.06718	0.93282	0
92	V	0.00000	0.05449	0.94551	0
93	L	0.00000	0.0482	0.95180	0
94	I	0.00000	0.0439	0.95610	0
95	G	0.00000	0.04334	0.95666	0
96	S	0.00000	0.04135	0.95865	0
97	F	0.00000	0.02101	0.97899	0
98	V	0.00000	0.00652	0.99347	0
99	A	0.00001	0.00218	0.99781	0
100	F	0.00002	8e-05	0.99991	0
101	F	0.00104	1e-05	0.99895	0
102	V	0.10689	0	0.89311	0
103	P	0.55550	0	0.44450	0
104	L	0.57045	0	0.42955	0
105	T	0.60172	0	0.39828	0
106	I	0.60291	0	0.39709	0
107	M	0.60386	0	0.39614	0
108	V	0.60282	0	0.39718	0
109	V	0.60114	0	0.39886	0
110	T	0.62771	0	0.37229	0
111	Y	0.13332	0	0.86668	0
112	F	0.06082	0	0.93918	0
113	L	0.08694	0	0.91306	0
114	T	0.17816	0	0.82184	0
115	I	0.17998	0	0.82002	0
116	S	0.29941	0	0.70059	0
117	A	0.29196	0	0.70804	0
118	L	0.29120	0	0.70880	0
119	Q	0.29190	0	0.70810	0
120	S	0.29538	0	0.70462	0
121	E	0.29762	0	0.70238	0
122	A	0.33689	0	0.66311	0
123	T	0.33757	0	0.66243	0
124	L	0.33742	0	0.66258	0
125	C	0.33733	0	0.66267	0
126	L	0.33730	0	0.66270	0
127	D	0.33730	0	0.66270	0
128	Q	0.33729	0	0.66271	0
129	L	0.33724	0	0.66276	0
130	V	0.33697	1e-05	0.66302	0
131	P	0.33524	0.02812	0.63664	0
132	R	0.32107	0.18007	0.49887	0
133	P	0.24584	0.43337	0.32079	0
134	K	0.20647	0.53434	0.25919	0
135	W	0.13737	0.58059	0.28205	0
136	S	0.11162	0.66229	0.22609	0
137	T	0.03805	0.66232	0.29963	0
138	G	0.01375	0.66233	0.32392	0
139	L	0.00018	0.66233	0.33748	0
140	T	0.00000	0.66233	0.33766	0
141	L	0.00000	0.66233	0.33767	0
142	N	0.00000	0.66234	0.33766	0
143	F	0.00000	0.66234	0.33766	0
144	L	0.00000	0.66234	0.33766	0
145	P	0.00000	0.66237	0.33763	0
146	G	0.00000	0.66244	0.33756	0
147	P	0.00000	0.6625	0.33750	0
148	S	0.00000	0.66267	0.33733	0
149	F	0.00000	0.66269	0.33731	0
150	S	0.00000	0.66279	0.33721	0
151	P	0.00000	0.66365	0.33635	0
152	S	0.00000	0.6725	0.32750	0
153	E	0.00000	0.77477	0.22523	0
154	K	0.00000	0.8339	0.16610	0
155	K	0.00000	0.83979	0.16021	0
156	L	0.00000	0.56573	0.43427	0
157	F	0.00000	0.55062	0.44938	0
158	L	0.00000	0.58443	0.41557	0
159	R	0.00000	0.69598	0.30402	0
160	R	0.00000	0.33788	0.66212	0
161	S	0.00000	0.33798	0.66202	0
162	L	0.00000	0.338	0.66200	0
163	S	0.00000	0.33803	0.66197	0
164	R	0.00000	0.33804	0.66196	0
165	E	0.00000	0.33804	0.66196	0
166	P	0.00000	0.33731	0.66269	0
167	G	0.00000	0.3373	0.66270	0
168	A	0.00000	0.3373	0.66270	0
169	D	0.00000	0.3373	0.66270	0
170	S	0.00000	0.3373	0.66270	0
171	G	0.00000	0.3373	0.66270	0
172	V	0.00000	0.3373	0.66270	0
173	V	0.00001	0.3373	0.66268	0
174	T	0.11587	0.3373	0.54683	0
175	P	0.13968	0.3373	0.52302	0
176	P	0.13968	0.3373	0.52302	0
177	F	0.13968	0.3373	0.52302	0
178	G	0.13968	0.3373	0.52302	0
179	R	0.13968	0.3373	0.52302	0
180	H	0.13968	0.3373	0.52302	0
181	N	0.13969	0.3373	0.52300	0
182	M	0.58714	0.3373	0.07556	0
183	Q	0.65207	0.3373	0.01062	0
184	S	0.66269	0.3373	0.00001	0
185	I	0.66269	0.3373	0.00000	0
186	S	0.66269	0.3373	0.00000	0
187	N	0.66270	0.3373	0.00000	0
188	E	0.66270	0.3373	0.00001	0
189	Q	0.66270	0.3373	0.00001	0
190	K	0.66268	0.33729	0.00002	0
191	A	0.66102	0.3099	0.02908	0
192	S	0.66046	0.3084	0.03115	0
193	K	0.65872	0.30339	0.03789	0
194	V	0.41727	0.13012	0.45262	0
195	L	0.29746	0.04561	0.65694	0
196	G	0.24182	0.03781	0.72038	0
197	V	0.03849	0.01004	0.95147	0
198	V	0.00172	0.0004	0.99788	0
199	F	0.00007	1e-05	0.99992	0
200	F	0.00000	0	1.00000	0
201	L	0.00000	0	1.00000	0
202	F	0.00000	0	1.00000	0
203	V	0.00000	0	1.00000	0
204	V	0.00000	0	1.00000	0
205	M	0.00000	0	1.00000	0
206	W	0.00000	0	1.00000	0
207	C	0.00000	0	1.00000	0
208	P	0.00000	0	1.00000	0
209	F	0.00000	0	1.00000	0
210	F	0.00000	0	1.00000	0
211	I	0.00000	4e-05	0.99996	0
212	T	0.00001	0.00035	0.99964	0
213	N	0.00004	0.00492	0.99504	0
214	V	0.00018	0.01232	0.98750	0
215	L	0.00121	0.04783	0.95095	0
216	A	0.00596	0.16561	0.82843	0
217	V	0.00922	0.325	0.66578	0
218	V	0.03153	0.51301	0.45547	0
219	C	0.12855	0.65925	0.21220	0
220	E	0.33416	0.66269	0.00316	0
221	P	0.33721	0.6627	0.00010	0
222	N	0.33730	0.6627	0.00001	0
223	A	0.33730	0.6627	0.00000	0
224	C	0.33730	0.6627	0.00000	0
225	N	0.33730	0.6627	0.00000	0
226	A	0.33730	0.66268	0.00002	0
227	N	0.33730	0.66268	0.00002	0
228	I	0.33721	0.66259	0.00020	0
229	M	0.33712	0.65137	0.01152	0
230	N	0.33659	0.65025	0.01316	0
231	R	0.33144	0.64393	0.02463	0
232	L	0.11724	0.12182	0.76094	0
233	L	0.11062	0.05076	0.83862	0
234	N	0.10942	0.04652	0.84405	0
235	V	0.00173	0.00153	0.99674	0
236	F	0.00000	0.00013	0.99987	0
237	V	0.00000	0.00011	0.99989	0
238	W	0.00000	2e-05	0.99998	0
239	V	0.00000	0	1.00000	0
240	G	0.00000	0	1.00000	0
241	Y	0.00000	0	1.00000	0
242	L	0.00000	0	1.00000	0
243	S	0.00000	0	1.00000	0
244	S	0.00000	0	1.00000	0
245	A	0.00000	0	1.00000	0
246	V	0.00000	0	1.00000	0
247	N	0.00000	0	1.00000	0
248	P	0.00000	0	1.00000	0
249	L	0.00000	0	1.00000	0
250	V	0.00000	0	1.00000	0
251	Y	0.00000	4e-05	0.99996	0
252	T	0.00005	0.00047	0.99949	0
253	L	0.00012	0.00143	0.99845	0
254	F	0.01916	0.02543	0.95541	0
255	N	0.51343	0.25939	0.22718	0
256	K	0.63490	0.33565	0.02946	0
257	T	0.63700	0.33617	0.02683	0
258	Y	0.63947	0.33663	0.02390	0
259	R	0.66117	0.33722	0.00161	0
260	S	0.66240	0.33724	0.00035	0
261	A	0.66261	0.33725	0.00014	0
262	F	0.66262	0.33726	0.00012	0
263	A	0.66269	0.33729	0.00002	0
264	R	0.66244	0.3373	0.00025	0
265	Y	0.66244	0.3373	0.00025	0
266	I	0.66152	0.3373	0.00118	0
267	R	0.66152	0.3373	0.00118	0
268	C	0.66152	0.3373	0.00118	0
269	Q	0.66152	0.3373	0.00118	0
270	F	0.66152	0.3373	0.00118	0
271	H	0.66152	0.3373	0.00118	0
272	E	0.66152	0.33729	0.00118	0
273	E	0.66142	0.33729	0.00129	0
274	K	0.64873	0.33726	0.01401	0
275	K	0.63528	0.33675	0.02798	0
276	P	0.63409	0.33126	0.03465	0
277	L	0.00182	0.23741	0.76077	0
278	Q	0.00161	0.18576	0.81263	0
279	L	0.00000	0.04853	0.95147	0
280	I	0.00000	0.0128	0.98720	0
281	L	0.00000	0.00057	0.99943	0
282	V	0.00000	0.00031	0.99969	0
283	N	0.00000	0.00034	0.99966	0
284	T	0.00000	0.00032	0.99968	0
285	I	0.00000	0.00034	0.99966	0
286	P	0.00000	0.00068	0.99932	0
287	P	0.00000	0.00065	0.99935	0
288	M	0.00000	0.00034	0.99966	0
289	A	0.00000	0.00044	0.99956	0
290	Y	0.00000	0.00062	0.99937	0
291	Q	0.00001	0.00058	0.99941	0
292	S	0.00001	0.00086	0.99914	0
293	T	0.00001	0.00424	0.99575	0
294	H	0.00002	0.01419	0.98579	0
295	L	0.00003	0.0806	0.91937	0
296	P	0.00012	0.25077	0.74911	0
297	L	0.00089	0.257	0.74211	0
298	T	0.01030	0.46733	0.52236	0
299	G	0.06798	0.35901	0.57301	0
300	S	0.16072	0.04927	0.79000	0
301	I	0.17977	1e-05	0.82023	0
302	G	0.25351	0	0.74649	0
303	N	0.31898	0	0.68102	0
304	G	0.32511	0	0.67489	0
305	D	0.33651	0	0.66349	0
306	F	0.33684	0	0.66316	0
307	S	0.33695	0	0.66305	0
308	L	0.33702	0	0.66298	0
309	P	0.33720	0	0.66280	0
310	L	0.33732	0	0.66268	0
311	P	0.33768	0	0.66232	0
312	N	0.33796	0	0.66204	0
313	K	0.33881	0	0.66119	0
314	N	0.33881	0	0.66119	0
315	H	0.33881	0	0.66119	0
316	H	0.33881	0	0.66119	0
317	L	0.33881	0	0.66119	0
318	S	0.33881	0	0.66119	0
319	K	0.99999	0	0.00001	0
320	S	0.99999	0	0.00001	0
321	G	0.99999	0	0.00001	0
322	K	1.00000	0	0.00000	0
323	N	1.00000	0	0.00000	0
324	E	1.00000	0	0.00000	0
325	S	1.00000	0	0.00000	0
326	V	1.00000	0	0.00000	0
327	S	1.00000	0	0.00000	0
328	C	1.00000	0	0.00000	0
329	L	1.00000	0	0.00000	0
