# UNNAMED
#pos	aa	i	o	M	S
1	M	0.00000	1	0.00000	0
2	P	0.00000	1	0.00000	0
3	F	0.00000	1	0.00000	0
4	G	0.00000	0.99702	0.00298	0
5	A	0.00000	0.99462	0.00538	0
6	I	0.00000	0.99306	0.00694	0
7	E	0.00000	0.99303	0.00697	0
8	L	0.00000	0.99122	0.00878	0
9	V	0.00000	0.98204	0.01796	0
10	Q	0.00000	0.98096	0.01904	0
11	E	0.00000	0.8574	0.14260	0
12	K	0.00000	0.44941	0.55059	0
13	W	0.00000	0.0028	0.99720	0
14	I	0.00000	0.00097	0.99903	0
15	Y	0.00000	0.00093	0.99907	0
16	G	0.00000	0.00093	0.99907	0
17	E	0.00000	0.00093	0.99907	0
18	M	0.00000	0.00089	0.99911	0
19	F	0.00000	0.00041	0.99959	0
20	C	0.00000	0.00027	0.99973	0
21	L	0.00000	4e-05	0.99996	0
22	V	0.00001	0	0.99999	0
23	R	0.00348	0	0.99652	0
24	T	0.00447	0	0.99553	0
25	S	0.00522	0	0.99478	0
26	L	0.00562	0	0.99438	0
27	D	0.01551	0	0.98449	0
28	V	0.01622	0	0.98378	0
29	L	0.01704	0	0.98296	0
30	L	0.04727	0	0.95273	0
31	T	0.83204	0	0.16796	0
32	T	0.97781	0	0.02219	0
33	A	0.99688	0	0.00312	0
34	S	0.99600	0	0.00400	0
35	I	0.62614	0	0.37386	0
36	L	0.41487	0	0.58513	0
37	H	0.04726	0	0.95274	0
38	L	0.00452	0	0.99548	0
39	C	0.00031	0	0.99969	0
40	C	0.00066	0	0.99934	0
41	I	0.00087	0	0.99913	0
42	S	0.00128	0	0.99872	0
43	L	0.00126	0	0.99874	0
44	D	0.00126	0	0.99874	0
45	R	0.00125	0	0.99875	0
46	Y	0.00037	0	0.99963	0
47	Y	0.00015	0	0.99985	0
48	A	0.00000	0	1.00000	0
49	I	0.00000	0	1.00000	0
50	C	0.00000	0	1.00000	0
51	C	0.00000	0	1.00000	0
52	Q	0.00000	0	1.00000	0
53	P	0.00000	0	1.00000	0
54	L	0.00000	0	1.00000	0
55	V	0.00000	0	1.00000	0
56	Y	0.00000	0.00365	0.99635	0
57	R	0.00000	0.94527	0.05473	0
58	N	0.00000	0.9987	0.00130	0
59	K	0.00000	0.9987	0.00130	0
60	M	0.00000	0.9987	0.00130	0
61	T	0.00000	0.99871	0.00129	0
62	P	0.00000	0.99871	0.00129	0
63	L	0.00000	0.99872	0.00128	0
64	R	0.00000	0.99923	0.00077	0
65	I	0.00000	0.99927	0.00073	0
66	T	0.00000	0.99962	0.00038	0
67	L	0.00000	0.99951	0.00049	0
68	M	0.00000	0.99948	0.00052	0
69	L	0.00000	0.99948	0.00052	0
70	S	0.00000	0.99947	0.00053	0
71	G	0.00000	0.99918	0.00082	0
72	C	0.00000	0.99777	0.00223	0
73	W	0.00000	0.98539	0.01461	0
74	I	0.00000	0.88988	0.11012	0
75	I	0.00000	0.79677	0.20323	0
76	P	0.00000	0.78859	0.21141	0
77	T	0.00000	0.47165	0.52835	0
78	F	0.00000	0.03704	0.96296	0
79	I	0.00000	0.0044	0.99560	0
80	S	0.00000	0.00073	0.99927	0
81	F	0.00000	9e-05	0.99991	0
82	L	0.00000	1e-05	0.99999	0
83	P	0.00000	0	1.00000	0
84	I	0.00000	0	1.00000	0
85	M	0.00000	0	1.00000	0
86	Q	0.00000	0	1.00000	0
87	G	0.00000	0	1.00000	0
88	W	0.00000	0	1.00000	0
89	N	0.00029	0	0.99971	0
90	S	0.00041	0	0.99959	0
91	I	0.00045	0	0.99955	0
92	G	0.00045	0	0.99955	0
93	I	0.00047	0	0.99953	0
94	L	0.00048	0	0.99952	0
95	D	0.00049	0	0.99951	0
96	L	0.00152	0	0.99848	0
97	I	0.00225	0	0.99775	0
98	E	0.01681	0	0.98319	0
99	T	0.45997	0	0.54003	0
100	R	0.99671	0	0.00329	0
101	K	0.99866	0	0.00134	0
102	Y	0.99936	0	0.00064	0
103	N	0.99998	0	0.00002	0
104	K	1.00000	0	0.00000	0
105	S	1.00000	0	0.00000	0
106	S	0.99999	0	0.00001	0
107	N	0.99998	0	0.00002	0
108	S	0.99989	0	0.00011	0
109	T	0.99971	0	0.00029	0
110	N	0.99950	0	0.00050	0
111	C	0.99653	0	0.00347	0
112	I	0.99645	0	0.00355	0
113	F	0.99614	0	0.00386	0
114	M	0.99613	0	0.00387	0
115	V	0.99605	0	0.00395	0
116	N	0.99603	0	0.00397	0
117	K	0.99433	0	0.00567	0
118	P	0.96446	0	0.03554	0
119	Y	0.04035	0	0.95965	0
120	A	0.00849	0	0.99151	0
121	I	0.00029	0	0.99971	0
122	T	0.00007	0	0.99993	0
123	C	0.00000	0	1.00000	0
124	S	0.00000	0	1.00000	0
125	V	0.00000	0	1.00000	0
126	V	0.00000	0	1.00000	0
127	A	0.00000	0	1.00000	0
128	F	0.00000	0	1.00000	0
129	Y	0.00000	0.0001	0.99990	0
130	I	0.00000	0.00028	0.99972	0
131	P	0.00000	0.00136	0.99864	0
132	F	0.00000	0.00184	0.99816	0
133	F	0.00000	0.00263	0.99737	0
134	L	0.00000	0.00349	0.99651	0
135	M	0.00000	0.00367	0.99633	0
136	V	0.00000	0.00392	0.99608	0
137	L	0.00000	0.00732	0.99268	0
138	A	0.00000	0.01558	0.98442	0
139	Y	0.00000	0.15686	0.84314	0
140	Y	0.00000	0.60532	0.39468	0
141	R	0.00000	0.9641	0.03590	0
142	I	0.00000	0.97745	0.02255	0
143	Y	0.00000	0.99488	0.00512	0
144	I	0.00000	0.99871	0.00129	0
145	T	0.00000	0.99961	0.00039	0
146	A	0.00000	0.99807	0.00193	0
147	R	0.00000	0.99804	0.00196	0
148	E	0.00000	0.99802	0.00198	0
149	H	0.00000	0.99282	0.00718	0
150	A	0.00000	0.99038	0.00962	0
151	R	0.00000	0.99036	0.00964	0
152	Q	0.00000	0.99027	0.00973	0
153	I	0.00000	0.98931	0.01069	0
154	G	0.00000	0.98931	0.01069	0
155	V	0.00000	0.98922	0.01078	0
156	L	0.00000	0.98922	0.01078	0
157	Q	0.00000	0.98922	0.01078	0
158	R	0.00000	0.98922	0.01078	0
159	A	0.00000	0.98922	0.01078	0
160	G	0.00000	0.98922	0.01078	0
161	A	0.00000	0.98922	0.01078	0
162	P	0.00003	0.98922	0.01075	0
163	A	0.00025	0.98922	0.01053	0
164	D	0.00030	0.98922	0.01048	0
165	H	0.00031	0.98922	0.01047	0
166	R	0.00036	0.98922	0.01042	0
167	H	0.00040	0.98922	0.01038	0
168	Q	0.00201	0.98922	0.00877	0
169	H	0.00271	0.98922	0.00807	0
170	P	0.00937	0.98922	0.00141	0
171	D	0.00980	0.98922	0.00098	0
172	Q	0.00992	0.98922	0.00086	0
173	H	0.00994	0.98922	0.00084	0
174	T	0.01028	0.98922	0.00050	0
175	T	0.01031	0.98922	0.00047	0
176	H	0.01063	0.98922	0.00015	0
177	R	0.01077	0.98922	0.00002	0
178	M	0.01078	0.98917	0.00005	0
179	K	0.01078	0.98917	0.00005	0
180	T	0.01078	0.98916	0.00006	0
181	E	0.01078	0.9773	0.01192	0
182	T	0.01032	0.97499	0.01469	0
183	K	0.01031	0.97429	0.01540	0
184	A	0.00696	0.33182	0.66122	0
185	A	0.00693	0.32827	0.66480	0
186	K	0.00691	0.32764	0.66545	0
187	T	0.00523	0.15761	0.83716	0
188	L	0.00005	0.00086	0.99909	0
189	C	0.00000	9e-05	0.99991	0
190	I	0.00000	3e-05	0.99997	0
191	I	0.00000	0	1.00000	0
192	M	0.00000	0	1.00000	0
193	G	0.00000	0	1.00000	0
194	C	0.00000	0	1.00000	0
195	F	0.00000	0	1.00000	0
196	C	0.00000	0	1.00000	0
197	L	0.00000	0	1.00000	0
198	C	0.00000	0	1.00000	0
199	W	0.00000	0	1.00000	0
200	A	0.00000	0	1.00000	0
201	P	0.00000	0	1.00000	0
202	F	0.00000	0	1.00000	0
203	F	0.00003	0	0.99997	0
204	I	0.00077	7e-05	0.99915	0
205	T	0.00799	0.00087	0.99114	0
206	N	0.01418	0.00152	0.98430	0
207	V	0.03994	0.00181	0.95825	0
208	V	0.19251	0.00313	0.80437	0
209	D	0.92466	0.01022	0.06512	0
210	P	0.94101	0.01025	0.04874	0
211	F	0.94333	0.01027	0.04640	0
212	I	0.96103	0.01035	0.02862	0
213	N	0.98849	0.01062	0.00089	0
214	Y	0.98917	0.01065	0.00018	0
215	S	0.98922	0.01071	0.00007	0
216	V	0.98922	0.01074	0.00004	0
217	P	0.98922	0.01075	0.00003	0
218	V	0.98922	0.01021	0.00057	0
219	E	0.98921	0.01003	0.00075	0
220	L	0.83028	0.00924	0.16048	0
221	W	0.38279	0.009	0.60821	0
222	T	0.37983	0.00352	0.61665	0
223	A	0.01467	3e-05	0.98529	0
224	F	0.00000	0	1.00000	0
225	L	0.00000	0	1.00000	0
226	W	0.00000	0	1.00000	0
227	L	0.00000	0	1.00000	0
228	G	0.00000	0	1.00000	0
229	Y	0.00000	0	1.00000	0
230	I	0.00000	0	1.00000	0
231	N	0.00000	0	1.00000	0
232	S	0.00000	0	1.00000	0
233	G	0.00000	0	1.00000	0
234	L	0.00000	0	1.00000	0
235	N	0.00000	0	1.00000	0
236	P	0.00000	0	1.00000	0
237	F	0.00000	0	1.00000	0
238	L	0.00000	0	1.00000	0
239	Y	0.00000	1e-05	0.99999	0
240	A	0.00001	0.0001	0.99990	0
241	F	0.00005	0.00151	0.99843	0
242	L	0.00441	0.05815	0.93744	0
243	N	0.00971	0.7567	0.23359	0
244	K	0.01078	0.98222	0.00700	0
245	S	0.01078	0.98389	0.00533	0
246	F	0.01078	0.98471	0.00451	0
247	R	0.01078	0.98889	0.00032	0
248	R	0.01078	0.98909	0.00013	0
249	A	0.01078	0.9891	0.00012	0
250	F	0.01078	0.98911	0.00011	0
251	L	0.01078	0.98914	0.00008	0
252	I	0.01078	0.98921	0.00001	0
253	I	0.01078	0.98922	0.00000	0
254	L	0.01078	0.98922	0.00000	0
255	C	0.01078	0.98922	0.00000	0
256	C	0.01078	0.98922	0.00000	0
257	G	0.01078	0.98922	0.00000	0
258	D	0.01078	0.98908	0.00013	0
259	E	0.01078	0.78739	0.20183	0
260	K	0.01078	0.72778	0.26144	0
261	Y	0.01078	0.69676	0.29246	0
262	R	0.01078	0.66115	0.32807	0
263	R	0.01078	0.51997	0.46925	0
264	P	0.01078	0.48479	0.50443	0
265	S	0.01078	0.3365	0.65272	0
266	I	0.01078	0.03235	0.95687	0
267	L	0.01078	0.00748	0.98174	0
268	G	0.01078	0.00732	0.98190	0
269	Q	0.01078	0.00659	0.98263	0
270	T	0.01078	0.00624	0.98298	0
271	V	0.01078	0.00584	0.98338	0
272	P	0.01078	0.0058	0.98342	0
273	C	0.01078	0.00572	0.98350	0
274	S	0.01078	0.00568	0.98354	0
275	T	0.01078	0.00565	0.98357	0
276	T	0.01078	0.00565	0.98357	0
277	T	0.01080	0.00565	0.98355	0
278	I	0.01236	0.00565	0.98199	0
279	N	0.03344	0.00565	0.96091	0
280	G	0.07781	0.00565	0.91654	0
281	S	0.18811	0.00565	0.80624	0
282	T	0.26316	0.0053	0.73154	0
283	H	0.32895	0.00442	0.66662	0
284	V	0.35568	0.00159	0.64273	0
285	L	0.51485	0.00043	0.48472	0
286	R	0.98824	0.00026	0.01150	0
287	Y	0.98824	6e-05	0.01170	0
288	T	0.98824	0	0.01176	0
289	V	0.98825	0	0.01175	0
290	L	0.98825	0	0.01175	0
291	Y	0.98825	0	0.01175	0
292	N	0.99415	0	0.00585	0
293	G	0.99422	0	0.00578	0
294	H	0.99431	0	0.00569	0
295	Q	0.99435	0	0.00565	0
296	Q	0.99435	0	0.00565	0
297	E	0.99435	0	0.00565	0
298	H	0.99435	0	0.00565	0
299	D	0.99435	0	0.00565	0
300	T	0.99435	0	0.00565	0
301	L	0.99435	0	0.00565	0
302	P	0.99435	0	0.00565	0
303	I	0.99436	0	0.00564	0
304	H	0.99450	0	0.00550	0
305	I	0.99525	0	0.00475	0
306	D	0.99937	0	0.00063	0
307	P	0.99954	0	0.00046	0
308	E	1.00000	0	0.00000	0
309	S	1.00000	0	0.00000	0
310	Q	1.00000	0	0.00000	0
311	E	1.00000	0	0.00000	0
312	S	1.00000	0	0.00000	0
313	C	1.00000	0	0.00000	0
314	F	1.00000	0	0.00000	0
